ID,BTC_T,BTC_H,BTC_S,BTC_D
Seq_1,152,81,136,16
Seq_2,113,62,104,9
Seq_3,145,74,130,15
Seq_4,142,77,131,11
Seq_5,140,73,127,13
Seq_6,133,71,121,12
Seq_7,165,92,154,11
Seq_8,150,82,138,12
Seq_9,142,75,128,14
Seq_10,142,76,130,12
Seq_11,151,82,137,14
Seq_12,151,86,141,10
Seq_13,166,80,145,21
Seq_14,149,83,138,11
Seq_15,147,79,134,13
Seq_16,159,77,139,20
Seq_17,132,67,118,14
Seq_18,153,78,137,16
Seq_19,144,80,133,11
Seq_20,127,67,113,14
Seq_21,134,78,125,9
Seq_22,166,91,153,13
Seq_23,135,74,124,11
Seq_24,142,75,128,14
Seq_25,151,81,139,12
Seq_26,135,72,122,13
Seq_27,172,86,152,20
Seq_28,149,82,136,13
Seq_29,142,77,131,11
Seq_30,136,72,122,14
Seq_31,137,73,124,13
Seq_32,139,72,125,14
Seq_33,139,73,125,14
Seq_34,148,81,135,13
Seq_35,157,82,140,17
Seq_36,159,85,143,16
Seq_37,156,78,138,18
Seq_38,139,70,124,15
Seq_39,135,75,126,9
Seq_40,156,90,146,10
Seq_41,146,80,134,12
Seq_42,130,69,116,14
Seq_43,136,73,123,13
Seq_44,124,63,109,15
Seq_45,137,72,125,12
Seq_46,138,74,124,14
Seq_47,148,83,136,12
Seq_48,120,64,109,11
Seq_49,144,73,126,18
Seq_50,132,76,123,9
Seq_51,150,85,140,10
Seq_52,138,75,125,13
Seq_53,150,75,133,17
Seq_54,152,78,135,17
Seq_55,124,69,114,10
Seq_56,144,74,130,14
Seq_57,125,66,113,12
Seq_58,137,74,125,12
Seq_59,148,77,131,17
Seq_60,121,64,110,11
Seq_61,158,88,146,12
Seq_62,122,64,109,13
Seq_63,145,78,131,14
Seq_64,147,80,135,12
Seq_65,134,73,121,13
Seq_66,140,74,127,13
Seq_67,147,76,130,17
Seq_68,124,70,114,10
Seq_69,156,85,143,13
Seq_70,154,86,142,12
Seq_71,124,63,110,14
Seq_72,143,76,129,14
Seq_73,143,79,131,12
Seq_74,150,85,138,12
Seq_75,159,83,142,17
Seq_76,144,73,128,16
Seq_77,144,82,133,11
Seq_78,149,79,136,13
Seq_79,139,72,123,16
Seq_80,141,76,127,14
Seq_81,131,69,117,14
Seq_82,120,67,110,10
Seq_83,154,83,139,15
Seq_84,137,75,126,11
Seq_85,162,90,151,11
Seq_86,139,75,127,12
Seq_87,141,76,128,13
Seq_88,145,78,133,12
Seq_89,145,79,133,12
Seq_90,147,76,130,17
Seq_91,130,71,119,11
Seq_92,132,69,120,12
Seq_93,116,61,104,12
Seq_94,154,79,138,16
Seq_95,150,81,139,11
Seq_96,158,84,144,14
Seq_97,157,84,142,15
Seq_98,142,75,127,15
Seq_99,150,82,139,11
Seq_100,143,81,134,9
Seq_101,138,75,126,12
Seq_102,109,58,98,11
Seq_103,147,79,132,15
Seq_104,145,80,133,12
Seq_105,128,67,116,12
Seq_106,128,70,116,12
Seq_107,141,78,128,13
Seq_108,129,74,120,9
Seq_109,158,82,140,18
Seq_110,108,59,99,9
Seq_111,164,86,148,16
Seq_112,171,84,150,21
Seq_113,145,77,130,15
Seq_114,144,78,131,13
Seq_115,140,74,125,15
Seq_116,138,75,126,12
Seq_117,164,91,152,12
Seq_118,149,78,136,13
Seq_119,155,79,136,19
Seq_120,141,74,125,16
Seq_121,154,84,142,12
Seq_122,164,87,148,16
Seq_123,152,87,142,10
Seq_124,126,67,114,12
Seq_125,152,78,135,17
Seq_126,166,89,153,13
Seq_127,144,80,133,11
Seq_128,132,74,121,11
Seq_129,147,82,136,11
Seq_130,151,82,137,14
Seq_131,141,75,127,14
Seq_132,155,81,138,17
Seq_133,145,75,128,17
Seq_134,142,79,131,11
Seq_135,153,79,136,17
Seq_136,138,72,122,16
Seq_137,139,78,127,12
Seq_138,131,70,119,12
Seq_139,155,84,143,12
Seq_140,136,73,124,12
Seq_141,132,76,123,9
Seq_142,146,80,132,14
Seq_143,140,75,126,14
Seq_144,129,70,118,11
Seq_145,136,74,125,11
Seq_146,139,72,125,14
Seq_147,147,76,130,17
Seq_148,144,79,132,12
Seq_149,140,78,129,11
Seq_150,136,73,123,13
Seq_151,152,84,140,12
Seq_152,163,88,149,14
Seq_153,134,70,122,12
Seq_154,115,62,104,11
Seq_155,171,89,152,19
Seq_156,144,80,132,12
Seq_157,155,88,144,11
Seq_158,146,77,131,15
Seq_159,152,86,141,11
Seq_160,150,75,133,17
Seq_161,156,87,144,12
Seq_162,128,66,115,13
Seq_163,138,75,128,10
Seq_164,143,75,130,13
Seq_165,150,83,138,12
Seq_166,142,73,125,17
Seq_167,125,67,113,12
Seq_168,135,75,125,10
Seq_169,144,79,130,14
Seq_170,143,76,128,15
Seq_171,167,88,151,16
Seq_172,144,75,127,17
Seq_173,141,73,126,15
Seq_174,133,69,118,15
Seq_175,133,73,123,10
Seq_176,175,88,155,20
Seq_177,161,85,146,15
Seq_178,128,71,117,11
Seq_179,142,74,128,14
Seq_180,159,87,147,12
Seq_181,164,85,145,19
Seq_182,162,79,142,20
Seq_183,172,92,156,16
Seq_184,138,79,128,10
Seq_185,135,74,123,12
Seq_186,138,75,125,13
Seq_187,142,82,132,10
Seq_188,143,74,126,17
Seq_189,134,74,123,11
Seq_190,121,68,112,9
Seq_191,151,78,136,15
Seq_192,154,82,142,12
Seq_193,128,73,118,10
Seq_194,105,58,97,8
Seq_195,141,72,126,15
Seq_196,140,78,129,11
Seq_197,141,80,130,11
Seq_198,136,74,124,12
Seq_199,142,80,132,10
Seq_200,150,81,139,11
Seq_201,141,74,125,16
Seq_202,151,80,137,14
Seq_203,143,82,132,11
Seq_204,164,90,149,15
Seq_205,151,76,135,16
Seq_206,177,90,157,20
Seq_207,132,72,121,11
Seq_208,117,60,104,13
Seq_209,138,76,127,11
Seq_210,146,82,136,10
Seq_211,162,89,150,12
Seq_212,145,83,134,11
Seq_213,107,58,98,9
Seq_214,136,72,122,14
Seq_215,157,81,141,16
Seq_216,140,74,124,16
Seq_217,162,89,148,14
Seq_218,144,80,131,13
Seq_219,133,74,123,10
Seq_220,163,86,147,16
Seq_221,124,70,115,9
Seq_222,166,90,151,15
Seq_223,142,80,132,10
Seq_224,149,80,137,12
Seq_225,153,81,137,16
Seq_226,154,83,141,13
Seq_227,148,77,133,15
Seq_228,136,74,125,11
Seq_229,154,79,137,17
Seq_230,134,70,119,15
Seq_231,105,58,97,8
Seq_232,151,86,141,10
Seq_233,142,79,131,11
Seq_234,162,85,145,17
Seq_235,152,82,140,12
Seq_236,156,90,146,10
Seq_237,126,67,114,12
Seq_238,144,80,133,11
Seq_239,146,81,133,13
Seq_240,135,72,121,14
Seq_241,142,75,126,16
Seq_242,141,84,133,8
Seq_243,141,79,130,11
Seq_244,144,81,133,11
Seq_245,132,73,121,11
Seq_246,138,75,126,12
Seq_247,149,80,135,14
Seq_248,146,82,135,11
Seq_249,136,75,125,11
Seq_250,140,77,129,11
Seq_251,154,85,141,13
Seq_252,147,79,133,14
Seq_253,147,79,133,14
Seq_254,122,60,106,16
Seq_255,138,75,125,13
Seq_256,127,71,117,10
Seq_257,139,78,126,13
Seq_258,138,78,128,10
Seq_259,157,86,143,14
Seq_260,142,80,132,10
Seq_261,142,85,134,8
Seq_262,153,90,143,10
Seq_263,139,79,129,10
Seq_264,140,82,132,8
Seq_265,155,91,146,9
Seq_266,152,89,143,9
Seq_267,155,91,146,9
Seq_268,153,84,139,14
Seq_269,145,77,130,15
Seq_270,147,84,136,11
Seq_271,136,77,125,11
Seq_272,125,73,116,9
Seq_273,144,83,134,10
Seq_274,140,80,130,10
Seq_275,153,83,139,14
Seq_276,149,85,139,10
Seq_277,154,83,140,14
Seq_278,130,72,117,13
Seq_279,134,77,124,10
Seq_280,143,82,132,11
Seq_281,117,67,108,9
Seq_282,139,78,126,13
Seq_283,119,68,110,9
Seq_284,139,81,130,9
Seq_285,134,79,125,9
Seq_286,115,64,105,10
Seq_287,144,83,135,9
Seq_288,128,75,120,8
Seq_289,119,68,110,9
Seq_290,118,66,108,10
Seq_291,127,73,117,10
Seq_292,144,81,131,13
Seq_293,151,88,142,9
Seq_294,120,68,110,10
Seq_295,133,75,122,11
Seq_296,139,81,130,9
Seq_297,141,82,132,9
Seq_298,131,75,121,10
Seq_299,122,66,109,13
Seq_300,136,75,123,13
Seq_301,108,61,99,9
Seq_302,136,71,122,14
Seq_303,130,75,120,10
Seq_304,150,86,139,11
Seq_305,131,75,122,9
Seq_306,121,70,113,8
Seq_307,135,78,125,10
Seq_308,126,72,116,10
Seq_309,148,87,139,9
Seq_310,144,77,130,14
Seq_311,135,74,123,12
Seq_312,146,84,135,11
Seq_313,117,66,107,10
Seq_314,132,69,118,14
Seq_315,165,95,153,12
Seq_316,147,78,131,16
Seq_317,141,78,129,12
Seq_318,162,90,149,13
Seq_319,157,86,143,14
Seq_320,153,81,138,15
Seq_321,145,79,132,13
Seq_322,164,89,148,16
Seq_323,144,78,131,13
Seq_324,141,80,130,11
Seq_325,143,78,130,13
Seq_326,144,76,129,15
Seq_327,130,68,116,14
Seq_328,164,92,150,14
Seq_329,158,83,142,16
Seq_330,132,71,120,12
Seq_331,149,84,137,12
Seq_332,145,79,131,14
Seq_333,133,73,121,12
Seq_334,152,79,134,18
Seq_335,145,80,133,12
Seq_336,145,79,131,14
Seq_337,151,81,136,15
Seq_338,143,76,130,13
Seq_339,151,84,139,12
Seq_340,147,82,135,12
Seq_341,130,72,119,11
Seq_342,155,91,145,10
Seq_343,163,86,146,17
Seq_344,137,78,127,10
Seq_345,151,86,141,10
Seq_346,145,82,134,11
Seq_347,136,76,126,10
Seq_348,138,77,127,11
Seq_349,129,70,116,13
Seq_350,136,78,126,10
Seq_351,146,79,132,14
Seq_352,139,79,129,10
Seq_353,150,85,138,12
Seq_354,140,79,130,10
Seq_355,149,79,133,16
Seq_356,146,79,133,13
Seq_357,153,85,141,12
Seq_358,118,65,109,9
Seq_359,110,61,101,9
Seq_360,155,87,143,12
Seq_361,158,80,139,19
Seq_362,162,90,149,13
Seq_363,165,89,148,17
Seq_364,131,70,117,14
Seq_365,143,80,131,12
Seq_366,133,73,120,13
Seq_367,132,72,120,12
Seq_368,138,77,126,12
Seq_369,145,78,133,12
Seq_370,143,82,133,10
Seq_371,152,81,138,14
Seq_372,143,75,127,16
Seq_373,152,87,141,11
Seq_374,144,75,128,16
Seq_375,127,68,113,14
Seq_376,141,71,125,16
Seq_377,150,82,137,13
Seq_378,151,84,138,13
Seq_379,152,82,137,15
Seq_380,137,68,121,16
Seq_381,131,75,122,9
Seq_382,164,88,148,16
Seq_383,162,88,148,14
Seq_384,126,68,113,13
Seq_385,156,88,144,12
Seq_386,153,90,143,10
Seq_387,158,85,143,15
Seq_388,140,74,126,14
Seq_389,139,79,128,11
Seq_390,138,75,126,12
Seq_391,138,76,126,12
Seq_392,136,78,126,10
Seq_393,162,90,148,14
Seq_394,154,83,139,15
Seq_395,141,80,130,11
Seq_396,143,74,128,15
Seq_397,134,77,125,9
Seq_398,114,62,103,11
Seq_399,138,74,124,14
Seq_400,155,87,143,12
Seq_401,156,88,144,12
Seq_402,135,77,126,9
Seq_403,115,62,104,11
Seq_404,128,72,118,10
Seq_405,141,77,128,13
Seq_406,169,93,155,14
Seq_407,140,77,128,12
Seq_408,153,83,139,14
Seq_409,134,76,124,10
Seq_410,149,83,137,12
Seq_411,160,89,147,13
Seq_412,148,82,135,13
Seq_413,136,74,123,13
Seq_414,157,85,143,14
Seq_415,163,86,146,17
Seq_416,166,90,150,16
Seq_417,152,79,134,18
Seq_418,148,82,135,13
Seq_419,133,72,121,12
Seq_420,164,90,149,15
Seq_421,142,82,132,10
Seq_422,133,72,120,13
Seq_423,158,90,146,12
Seq_424,129,70,117,12
Seq_425,138,74,125,13
Seq_426,132,71,120,12
Seq_427,143,76,129,14
Seq_428,162,90,149,13
Seq_429,161,89,148,13
Seq_430,164,87,147,17
Seq_431,137,73,123,14
Seq_432,153,81,138,15
Seq_433,146,80,133,13
Seq_434,150,82,137,13
Seq_435,147,77,131,16
Seq_436,164,88,148,16
Seq_437,132,68,117,15
Seq_438,135,71,120,15
Seq_439,148,82,137,11
Seq_440,164,94,151,13
Seq_441,170,96,157,13
Seq_442,141,80,130,11
Seq_443,157,89,145,12
Seq_444,164,91,151,13
Seq_445,148,82,137,11
Seq_446,152,88,141,11
Seq_447,158,83,142,16
Seq_448,159,85,143,16
Seq_449,152,87,141,11
Seq_450,143,80,133,10
Seq_451,161,87,147,14
Seq_452,141,79,130,11
Seq_453,157,88,145,12
Seq_454,142,80,131,11
Seq_455,134,74,123,11
Seq_456,161,83,142,19
Seq_457,160,88,145,15
Seq_458,152,83,139,13
Seq_459,141,77,129,12
Seq_460,160,81,141,19
Seq_461,158,89,146,12
Seq_462,149,82,136,13
Seq_463,126,71,117,9
Seq_464,132,72,119,13
Seq_465,151,87,140,11
Seq_466,141,77,129,12
Seq_467,132,74,121,11
Seq_468,153,82,138,15
Seq_469,150,86,140,10
Seq_470,161,87,147,14
Seq_471,150,82,136,14
Seq_472,135,73,123,12
Seq_473,163,92,150,13
Seq_474,159,83,142,17
Seq_475,147,82,135,12
Seq_476,140,77,128,12
Seq_477,142,75,127,15
Seq_478,137,75,126,11
Seq_479,162,94,150,12
Seq_480,158,85,142,16
Seq_481,138,75,127,11
Seq_482,122,67,113,9
Seq_483,137,75,125,12
Seq_484,160,91,148,12
Seq_485,158,87,145,13
Seq_486,136,73,124,12
Seq_487,132,75,122,10
Seq_488,142,74,127,15
Seq_489,146,77,130,16
Seq_490,134,75,123,11
Seq_491,158,86,144,14
Seq_492,146,83,135,11
Seq_493,140,79,130,10
Seq_494,133,75,122,11
Seq_495,156,86,143,13
Seq_496,136,74,123,13
Seq_497,132,72,120,12
Seq_498,140,76,127,13
Seq_499,146,81,135,11
Seq_500,161,85,145,16
Seq_501,147,81,134,13
Seq_502,146,81,135,11
Seq_503,144,79,132,12
Seq_504,158,86,144,14
Seq_505,137,77,126,11
Seq_506,150,83,138,12
Seq_507,142,75,128,14
Seq_508,145,81,133,12
Seq_509,130,72,119,11
Seq_510,154,84,141,13
Seq_511,139,77,127,12
Seq_512,149,81,135,14
Seq_513,166,95,154,12
Seq_514,137,79,128,9
Seq_515,143,79,131,12
Seq_516,158,87,145,13
Seq_517,144,79,131,13
Seq_518,137,75,125,12
Seq_519,164,85,145,19
Seq_520,154,87,142,12
Seq_521,159,90,146,13
Seq_522,141,78,130,11
Seq_523,144,80,132,12
Seq_524,161,90,147,14
Seq_525,151,78,133,18
Seq_526,134,77,124,10
Seq_527,148,82,135,13
Seq_528,139,77,127,12
Seq_529,134,70,119,15
Seq_530,153,83,138,15
Seq_531,161,86,145,16
Seq_532,151,83,138,13
Seq_533,145,78,131,14
Seq_534,143,78,130,13
Seq_535,148,82,136,12
Seq_536,159,85,142,17
Seq_537,139,75,127,12
Seq_538,147,85,137,10
Seq_539,157,88,144,13
Seq_540,130,70,117,13
Seq_541,142,75,127,15
Seq_542,136,67,120,16
Seq_543,137,73,123,14
Seq_544,158,92,148,10
Seq_545,124,69,115,9
Seq_546,138,75,125,13
Seq_547,160,90,147,13
Seq_548,145,84,135,10
Seq_549,149,85,139,10
Seq_550,143,78,130,13
Seq_551,108,58,97,11
Seq_552,128,68,115,13
Seq_553,155,85,141,14
Seq_554,139,80,129,10
Seq_555,159,88,145,14
Seq_556,131,72,121,10
Seq_557,153,82,138,15
Seq_558,143,79,131,12
Seq_559,161,85,145,16
Seq_560,141,77,129,12
Seq_561,156,88,144,12
Seq_562,146,79,132,14
Seq_563,167,87,149,18
Seq_564,151,87,140,11
Seq_565,151,87,140,11
Seq_566,140,80,130,10
Seq_567,149,79,134,15
Seq_568,130,70,117,13
Seq_569,160,90,147,13
Seq_570,147,81,134,13
Seq_571,146,83,135,11
Seq_572,152,86,141,11
Seq_573,138,75,126,12
Seq_574,152,82,136,16
Seq_575,118,65,109,9
Seq_576,141,80,131,10
Seq_577,163,91,150,13
Seq_578,148,85,139,9
Seq_579,145,84,135,10
Seq_580,137,75,125,12
Seq_581,146,81,134,12
Seq_582,130,73,121,9
Seq_583,145,84,135,10
Seq_584,156,84,142,14
Seq_585,146,82,134,12
Seq_586,144,79,132,12
Seq_587,150,84,138,12
Seq_588,153,83,139,14
Seq_589,134,73,123,11
Seq_590,143,79,132,11
Seq_591,152,82,137,15
Seq_592,154,84,139,15
Seq_593,138,77,128,10
Seq_594,141,78,130,11
Seq_595,141,76,128,13
Seq_596,132,70,118,14
Seq_597,139,76,126,13
Seq_598,133,71,120,13
Seq_599,141,77,129,12
Seq_600,148,79,133,15
Seq_601,158,83,142,16
Seq_602,135,76,124,11
Seq_603,122,67,113,9
Seq_604,157,87,143,14
Seq_605,142,82,132,10
Seq_606,135,71,119,16
Seq_607,137,77,126,11
Seq_608,115,62,104,11
Seq_609,138,78,128,10
Seq_610,153,86,141,12
Seq_611,127,69,115,12
Seq_612,149,78,133,16
Seq_613,140,76,127,13
Seq_614,144,82,133,11
Seq_615,137,75,124,13
Seq_616,156,86,144,12
Seq_617,150,86,139,11
Seq_618,136,74,124,12
Seq_619,155,86,141,14
Seq_620,164,90,149,15
Seq_621,140,81,130,10
Seq_622,154,86,141,13
Seq_623,151,80,135,16
Seq_624,155,87,143,12
Seq_625,156,89,144,12
Seq_626,124,69,115,9
Seq_627,158,86,144,14
Seq_628,130,74,120,10
Seq_629,151,79,135,16
Seq_630,159,90,147,12
Seq_631,163,94,151,12
Seq_632,157,90,146,11
Seq_633,154,85,140,14
Seq_634,135,72,121,14
Seq_635,131,75,122,9
Seq_636,128,73,118,10
Seq_637,143,80,131,12
Seq_638,159,86,143,16
Seq_639,153,85,141,12
Seq_640,158,90,146,12
Seq_641,144,79,132,12
Seq_642,146,79,132,14
Seq_643,140,80,130,10
Seq_644,150,82,137,13
Seq_645,148,86,138,10
Seq_646,139,71,124,15
Seq_647,140,79,130,10
Seq_648,158,88,145,13
Seq_649,158,90,146,12
Seq_650,141,77,129,12
Seq_651,147,82,135,12
Seq_652,148,83,136,12
Seq_653,149,83,137,12
Seq_654,137,75,125,12
Seq_655,142,80,132,10
Seq_656,145,81,133,12
Seq_657,167,95,155,12
Seq_658,151,80,135,16
Seq_659,154,78,136,18
Seq_660,151,80,136,15
Seq_661,145,77,130,15
Seq_662,148,81,135,13
Seq_663,135,76,124,11
Seq_664,153,88,142,11
Seq_665,150,87,140,10
Seq_666,153,82,138,15
Seq_667,151,81,136,15
Seq_668,170,87,150,20
Seq_669,146,80,133,13
Seq_670,138,75,126,12
Seq_671,122,67,111,11
Seq_672,129,72,118,11
Seq_673,134,77,125,9
Seq_674,160,88,146,14
Seq_675,143,79,131,12
Seq_676,144,78,131,13
Seq_677,150,77,133,17
Seq_678,149,81,137,12
Seq_679,148,82,136,12
Seq_680,156,89,144,12
Seq_681,133,76,123,10
Seq_682,136,78,126,10
Seq_683,151,90,142,9
Seq_684,153,85,139,14
Seq_685,148,80,134,14
Seq_686,141,80,131,10
Seq_687,141,78,129,12
Seq_688,132,72,122,10
Seq_689,154,84,140,14
Seq_690,135,73,123,12
Seq_691,149,81,136,13
Seq_692,147,79,133,14
Seq_693,142,83,133,9
Seq_694,151,81,136,15
Seq_695,153,83,139,14
Seq_696,167,92,152,15
Seq_697,147,81,134,13
Seq_698,152,82,138,14
Seq_699,145,84,135,10
Seq_700,170,96,157,13
Seq_701,140,78,129,11
Seq_702,136,74,124,12
Seq_703,141,78,130,11
Seq_704,149,82,136,13
Seq_705,136,74,123,13
Seq_706,130,73,121,9
Seq_707,152,87,141,11
Seq_708,139,79,128,11
Seq_709,147,78,132,15
Seq_710,147,83,135,12
Seq_711,133,73,121,12
Seq_712,135,72,121,14
Seq_713,171,98,159,12
Seq_714,162,89,147,15
Seq_715,170,94,154,16
Seq_716,160,90,147,13
Seq_717,155,82,139,16
Seq_718,140,81,130,10
Seq_719,149,84,137,12
Seq_720,143,80,133,10
Seq_721,168,97,156,12
Seq_722,124,66,111,13
Seq_723,149,82,136,13
Seq_724,147,82,135,12
Seq_725,166,92,151,15
Seq_726,152,83,138,14
Seq_727,156,82,140,16
Seq_728,170,94,156,14
Seq_729,129,73,120,9
Seq_730,119,65,108,11
Seq_731,150,83,138,12
Seq_732,173,101,162,11
Seq_733,166,92,152,14
Seq_734,156,83,141,15
Seq_735,151,84,139,12
Seq_736,139,75,126,13
Seq_737,145,78,132,13
Seq_738,149,81,136,13
Seq_739,143,79,131,12
Seq_740,163,94,151,12
Seq_741,144,79,132,12
Seq_742,145,80,133,12
Seq_743,146,80,134,12
Seq_744,142,81,132,10
Seq_745,129,69,115,14
Seq_746,144,79,131,13
Seq_747,143,84,134,9
Seq_748,152,80,136,16
Seq_749,162,88,148,14
Seq_750,146,85,137,9
Seq_751,141,80,132,9
Seq_752,136,73,123,13
Seq_753,143,75,128,15
Seq_754,136,75,124,12
Seq_755,140,74,126,14
Seq_756,148,85,138,10
Seq_757,144,75,129,15
Seq_758,146,78,132,14
Seq_759,146,78,131,15
Seq_760,133,77,124,9
Seq_761,173,82,148,25
Seq_762,131,75,121,10
Seq_763,146,78,131,15
Seq_764,145,76,129,16
Seq_765,142,81,131,11
Seq_766,130,68,116,14
Seq_767,161,92,150,11
Seq_768,176,83,151,25
Seq_769,134,73,121,13
Seq_770,157,84,142,15
Seq_771,158,86,143,15
Seq_772,145,85,136,9
Seq_773,157,94,148,9
Seq_774,164,87,147,17
Seq_775,164,91,151,13
Seq_776,126,70,116,10
Seq_777,148,70,127,21
Seq_778,129,69,116,13
Seq_779,147,84,136,11
Seq_780,127,70,115,12
Seq_781,144,79,131,13
Seq_782,132,74,123,9
Seq_783,157,87,144,13
Seq_784,155,80,137,18
Seq_785,136,78,127,9
Seq_786,176,96,159,17
Seq_787,150,82,136,14
Seq_788,129,70,117,12
Seq_789,161,85,144,17
Seq_790,167,95,155,12
Seq_791,146,83,136,10
Seq_792,140,79,128,12
Seq_793,142,76,128,14
Seq_794,147,85,138,9
Seq_795,129,70,117,12
Seq_796,149,80,135,14
Seq_797,133,74,122,11
Seq_798,140,78,128,12
Seq_799,177,84,152,25
Seq_800,159,85,144,15
Seq_801,147,82,135,12
Seq_802,163,95,152,11
Seq_803,151,82,137,14
Seq_804,155,81,138,17
Seq_805,149,81,137,12
Seq_806,124,70,114,10
Seq_807,142,80,131,11
Seq_808,160,81,140,20
Seq_809,163,90,149,14
Seq_810,154,90,145,9
Seq_811,157,91,147,10
Seq_812,160,89,147,13
Seq_813,154,78,136,18
Seq_814,154,86,141,13
Seq_815,146,78,132,14
Seq_816,166,83,145,21
Seq_817,160,85,145,15
Seq_818,149,77,133,16
Seq_819,138,76,127,11
Seq_820,154,81,137,17
Seq_821,157,86,142,15
Seq_822,169,84,148,21
Seq_823,157,92,148,9
Seq_824,160,93,149,11
Seq_825,142,79,131,11
Seq_826,139,80,128,11
Seq_827,127,69,115,12
Seq_828,150,89,141,9
Seq_829,161,84,142,19
Seq_830,141,80,132,9
Seq_831,142,75,127,15
Seq_832,152,86,141,11
Seq_833,153,87,141,12
Seq_834,154,87,142,12
Seq_835,133,76,124,9
Seq_836,139,66,120,19
Seq_837,159,89,147,12
Seq_838,142,84,133,9
Seq_839,149,85,138,11
Seq_840,136,75,124,12
Seq_841,139,77,128,11
Seq_842,158,91,146,12
Seq_843,171,99,159,12
Seq_844,155,89,144,11
Seq_845,136,80,128,8
Seq_846,145,76,129,16
Seq_847,129,75,120,9
Seq_848,138,72,124,14
Seq_849,146,84,137,9
Seq_850,125,69,114,11
Seq_851,148,84,138,10
Seq_852,138,78,129,9
Seq_853,151,80,137,14
Seq_854,166,91,152,14
Seq_855,154,88,142,12
Seq_856,137,76,125,12
Seq_857,153,87,141,12
Seq_858,149,85,139,10
Seq_859,138,76,127,11
Seq_860,153,84,140,13
Seq_861,142,74,127,15
Seq_862,155,87,143,12
Seq_863,142,78,130,12
Seq_864,158,82,141,17
Seq_865,146,83,135,11
Seq_866,152,82,138,14
Seq_867,167,94,154,13
Seq_868,141,76,127,14
Seq_869,153,85,140,13
Seq_870,134,78,124,10
Seq_871,144,84,135,9
Seq_872,143,82,133,10
Seq_873,148,88,139,9
Seq_874,143,82,133,10
Seq_875,142,81,131,11
Seq_876,145,78,132,13
Seq_877,149,84,138,11
Seq_878,134,74,123,11
Seq_879,149,86,140,9
Seq_880,166,92,153,13
Seq_881,147,83,136,11
Seq_882,140,76,128,12
Seq_883,140,79,130,10
Seq_884,153,82,139,14
Seq_885,124,70,114,10
Seq_886,147,82,135,12
Seq_887,143,75,128,15
Seq_888,148,85,138,10
Seq_889,140,77,127,13
Seq_890,156,83,139,17
Seq_891,139,77,127,12
Seq_892,164,94,153,11
Seq_893,159,82,141,18
Seq_894,148,78,134,14
Seq_895,138,75,127,11
Seq_896,143,78,131,12
Seq_897,169,94,155,14
Seq_898,127,70,115,12
Seq_899,139,76,126,13
Seq_900,161,85,144,17
Seq_901,153,87,141,12
Seq_902,163,91,150,13
Seq_903,151,84,138,13
Seq_904,158,83,141,17
Seq_905,140,79,129,11
Seq_906,148,85,139,9
Seq_907,146,77,131,15
Seq_908,157,88,144,13
Seq_909,156,87,144,12
Seq_910,180,98,163,17
Seq_911,154,90,144,10
Seq_912,145,74,128,17
Seq_913,138,77,126,12
Seq_914,120,67,110,10
Seq_915,147,77,132,15
Seq_916,152,81,137,15
Seq_917,156,86,144,12
Seq_918,141,72,127,14
Seq_919,140,80,130,10
Seq_920,148,76,131,17
Seq_921,148,84,138,10
Seq_922,160,96,152,8
Seq_923,143,77,129,14
Seq_924,166,88,150,16
Seq_925,161,79,140,21
Seq_926,146,83,135,11
Seq_927,160,88,145,15
Seq_928,146,81,134,12
Seq_929,164,89,148,16
Seq_930,148,83,136,12
Seq_931,163,93,152,11
Seq_932,152,79,136,16
Seq_933,148,81,135,13
Seq_934,161,81,141,20
Seq_935,158,84,143,15
Seq_936,150,88,140,10
Seq_937,144,81,133,11
Seq_938,160,85,145,15
Seq_939,160,85,145,15
Seq_940,157,85,143,14
Seq_941,164,93,152,12
Seq_942,159,81,141,18
Seq_943,160,88,148,12
Seq_944,153,89,143,10
Seq_945,152,83,138,14
Seq_946,136,74,124,12
Seq_947,155,93,147,8
Seq_948,130,74,120,10
Seq_949,161,87,145,16
Seq_950,145,84,135,10
Seq_951,151,85,139,12
Seq_952,159,81,141,18
Seq_953,145,81,134,11
Seq_954,144,80,133,11
Seq_955,169,97,157,12
Seq_956,160,88,146,14
Seq_957,155,88,143,12
Seq_958,149,85,138,11
Seq_959,145,82,134,11
Seq_960,166,96,155,11
Seq_961,145,83,135,10
Seq_962,139,75,126,13
Seq_963,133,68,119,14
Seq_964,162,88,147,15
Seq_965,162,92,150,12
Seq_966,158,86,145,13
Seq_967,169,92,154,15
Seq_968,158,90,146,12
Seq_969,142,77,129,13
Seq_970,175,101,164,11
Seq_971,143,82,133,10
Seq_972,145,84,136,9
Seq_973,146,81,134,12
Seq_974,160,85,145,15
Seq_975,151,87,140,11
Seq_976,139,74,125,14
Seq_977,146,79,133,13
Seq_978,151,74,132,19
Seq_979,168,81,146,22
Seq_980,152,88,142,10
Seq_981,176,83,151,25
Seq_982,160,88,146,14
Seq_983,150,77,133,17
Seq_984,139,76,126,13
Seq_985,146,85,137,9
Seq_986,142,74,128,14
Seq_987,137,76,125,12
Seq_988,147,86,138,9
Seq_989,151,77,133,18
Seq_990,166,84,147,19
Seq_991,157,86,143,14
Seq_992,136,75,125,11
Seq_993,138,75,125,13
Seq_994,151,84,139,12
Seq_995,147,76,131,16
Seq_996,165,93,152,13
Seq_997,164,95,153,11
Seq_998,151,90,143,8
Seq_999,139,80,129,10
Seq_1000,156,84,142,14
Seq_1001,132,70,119,13
Seq_1002,146,81,133,13
Seq_1003,143,78,132,11
Seq_1004,130,73,121,9
Seq_1005,137,75,126,11
Seq_1006,160,87,146,14
Seq_1007,148,85,139,9
Seq_1008,166,90,150,16
Seq_1009,170,86,149,21
Seq_1010,138,76,127,11
Seq_1011,152,88,142,10
Seq_1012,156,82,139,17
Seq_1013,140,70,123,17
Seq_1014,140,80,131,9
Seq_1015,146,82,133,13
Seq_1016,156,84,141,15
Seq_1017,161,88,147,14
Seq_1018,147,85,137,10
Seq_1019,138,75,126,12
Seq_1020,144,82,134,10
Seq_1021,158,80,140,18
Seq_1022,139,77,127,12
Seq_1023,153,84,140,13
Seq_1024,159,90,146,13
Seq_1025,158,76,138,20
Seq_1026,139,80,129,10
Seq_1027,144,84,135,9
Seq_1028,144,81,133,11
Seq_1029,163,90,149,14
Seq_1030,146,78,132,14
Seq_1031,163,89,149,14
Seq_1032,148,83,136,12
Seq_1033,127,69,115,12
Seq_1034,161,87,145,16
Seq_1035,160,87,145,15
Seq_1036,148,83,135,13
Seq_1037,138,78,128,10
Seq_1038,168,81,146,22
Seq_1039,161,91,149,12
Seq_1040,130,69,117,13
Seq_1041,167,92,152,15
Seq_1042,146,82,134,12
Seq_1043,155,81,138,17
Seq_1044,128,71,117,11
Seq_1045,161,90,149,12
Seq_1046,167,99,157,10
Seq_1047,158,88,145,13
Seq_1048,147,79,133,14
Seq_1049,150,85,139,11
Seq_1050,162,86,144,18
Seq_1051,151,82,137,14
Seq_1052,149,84,137,12
Seq_1053,164,92,150,14
Seq_1054,146,68,126,20
Seq_1055,138,76,126,12
Seq_1056,159,87,144,15
Seq_1057,139,78,128,11
Seq_1058,139,79,127,12
Seq_1059,154,88,144,10
Seq_1060,154,78,136,18
Seq_1061,125,68,113,12
Seq_1062,143,78,130,13
Seq_1063,170,95,156,14
Seq_1064,161,88,146,15
Seq_1065,147,88,139,8
Seq_1066,152,89,143,9
Seq_1067,136,72,124,12
Seq_1068,149,82,136,13
Seq_1069,153,78,136,17
Seq_1070,128,74,119,9
Seq_1071,132,72,120,12
Seq_1072,126,68,115,11
Seq_1073,132,77,123,9
Seq_1074,154,84,141,13
Seq_1075,142,78,130,12
Seq_1076,151,83,138,13
Seq_1077,131,71,119,12
Seq_1078,151,82,137,14
Seq_1079,165,84,145,20
Seq_1080,146,85,137,9
Seq_1081,147,82,135,12
Seq_1082,126,70,116,10
Seq_1083,131,70,117,14
Seq_1084,127,71,118,9
Seq_1085,145,84,136,9
Seq_1086,161,93,151,10
Seq_1087,164,90,150,14
Seq_1088,147,71,127,20
Seq_1089,143,72,125,18
Seq_1090,124,69,113,11
Seq_1091,148,85,138,10
Seq_1092,168,93,153,15
Seq_1093,150,87,140,10
Seq_1094,145,74,129,16
Seq_1095,147,83,136,11
Seq_1096,147,82,136,11
Seq_1097,134,74,124,10
Seq_1098,140,77,127,13
Seq_1099,177,96,160,17
Seq_1100,119,66,108,11
Seq_1101,136,73,124,12
Seq_1102,141,78,130,11
Seq_1103,153,81,139,14
Seq_1104,145,86,136,9
Seq_1105,152,79,136,16
Seq_1106,142,83,133,9
Seq_1107,153,88,142,11
Seq_1108,145,84,136,9
Seq_1109,132,72,119,13
Seq_1110,141,78,130,11
Seq_1111,155,88,144,11
Seq_1112,144,82,134,10
Seq_1113,144,83,135,9
Seq_1114,146,68,126,20
Seq_1115,151,83,138,13
Seq_1116,135,71,122,13
Seq_1117,143,79,131,12
Seq_1118,143,74,127,16
Seq_1119,165,92,152,13
Seq_1120,145,72,129,16
Seq_1121,145,82,135,10
Seq_1122,175,97,159,16
Seq_1123,155,93,146,9
Seq_1124,145,78,132,13
Seq_1125,158,83,141,17
Seq_1126,125,68,113,12
Seq_1127,178,96,160,18
Seq_1128,134,72,121,13
Seq_1129,131,73,120,11
Seq_1130,144,81,132,12
Seq_1131,151,83,138,13
Seq_1132,160,87,146,14
Seq_1133,142,84,133,9
Seq_1134,166,84,147,19
Seq_1135,153,92,145,8
Seq_1136,171,93,155,16
Seq_1137,157,94,149,8
Seq_1138,154,90,144,10
Seq_1139,141,80,131,10
Seq_1140,166,91,152,14
Seq_1141,159,82,141,18
Seq_1142,151,82,137,14
Seq_1143,153,84,139,14
Seq_1144,161,92,150,11
Seq_1145,156,87,143,13
Seq_1146,162,90,149,13
Seq_1147,151,87,140,11
Seq_1148,143,81,133,10
Seq_1149,148,80,134,14
Seq_1150,153,77,134,19
Seq_1151,158,76,138,20
Seq_1152,158,89,146,12
Seq_1153,152,86,140,12
Seq_1154,149,80,135,14
Seq_1155,149,83,136,13
Seq_1156,147,79,132,15
Seq_1157,138,79,129,9
Seq_1158,149,87,139,10
Seq_1159,134,75,123,11
Seq_1160,175,101,164,11
Seq_1161,157,90,147,10
Seq_1162,159,92,149,10
Seq_1163,151,89,142,9
Seq_1164,142,80,132,10
Seq_1165,148,86,139,9
Seq_1166,166,98,156,10
Seq_1167,160,89,147,13
Seq_1168,172,93,155,17
Seq_1169,154,87,142,12
Seq_1170,148,80,134,14
Seq_1171,153,86,141,12
Seq_1172,165,91,151,14
Seq_1173,151,82,137,14
Seq_1174,132,75,121,11
Seq_1175,130,70,119,11
Seq_1176,147,86,139,8
Seq_1177,158,84,143,15
Seq_1178,164,86,146,18
Seq_1179,152,79,135,17
Seq_1180,163,94,153,10
Seq_1181,173,100,162,11
Seq_1182,149,85,138,11
Seq_1183,148,82,137,11
Seq_1184,131,70,118,13
Seq_1185,138,75,125,13
Seq_1186,136,76,126,10
Seq_1187,168,91,151,17
Seq_1188,137,80,128,9
Seq_1189,139,75,126,13
Seq_1190,147,72,129,18
Seq_1191,172,91,154,18
Seq_1192,136,74,123,13
Seq_1193,158,82,142,16
Seq_1194,164,87,147,17
Seq_1195,143,81,132,11
Seq_1196,165,83,145,20
Seq_1197,123,66,111,12
Seq_1198,155,81,138,17
Seq_1199,140,78,129,11
Seq_1200,175,86,153,22
Seq_1201,144,80,132,12
Seq_1202,158,91,148,10
Seq_1203,161,92,150,11
Seq_1204,145,84,136,9
Seq_1205,151,84,140,11
Seq_1206,147,84,137,10
Seq_1207,169,85,148,21
Seq_1208,125,68,113,12
Seq_1209,147,78,133,14
Seq_1210,152,88,142,10
Seq_1211,155,82,139,16
Seq_1212,143,72,125,18
Seq_1213,153,82,139,14
Seq_1214,142,84,133,9
Seq_1215,139,77,128,11
Seq_1216,156,81,140,16
Seq_1217,150,85,140,10
Seq_1218,146,86,138,8
Seq_1219,145,74,128,17
Seq_1220,180,103,168,12
Seq_1221,166,87,149,17
Seq_1222,143,80,132,11
Seq_1223,152,86,140,12
Seq_1224,148,86,138,10
Seq_1225,129,73,119,10
Seq_1226,168,90,151,17
Seq_1227,151,86,140,11
Seq_1228,170,98,158,12
Seq_1229,119,66,108,11
Seq_1230,148,82,136,12
Seq_1231,157,82,139,18
Seq_1232,156,89,144,12
Seq_1233,153,87,141,12
Seq_1234,158,86,145,13
Seq_1235,134,72,123,11
Seq_1236,159,85,143,16
Seq_1237,168,87,150,18
Seq_1238,149,85,138,11
Seq_1239,140,74,126,14
Seq_1240,147,82,135,12
Seq_1241,161,79,140,21
Seq_1242,137,78,126,11
Seq_1243,131,76,122,9
Seq_1244,153,90,145,8
Seq_1245,137,75,125,12
Seq_1246,165,93,152,13
Seq_1247,144,80,132,12
Seq_1248,141,79,129,12
Seq_1249,171,86,150,21
Seq_1250,150,70,129,21
Seq_1251,114,66,106,8
Seq_1252,135,76,124,11
Seq_1253,132,75,122,10
Seq_1254,131,77,122,9
Seq_1255,134,77,124,10
Seq_1256,140,79,129,11
Seq_1257,128,75,119,9
Seq_1258,135,78,125,10
Seq_1259,138,80,128,10
Seq_1260,134,77,124,10
Seq_1261,148,82,134,14
Seq_1262,147,83,134,13
Seq_1263,141,80,129,12
Seq_1264,146,84,134,12
Seq_1265,131,76,121,10
Seq_1266,140,82,130,10
Seq_1267,120,68,110,10
Seq_1268,126,69,114,12
Seq_1269,124,74,116,8
Seq_1270,127,71,115,12
Seq_1271,137,77,125,12
Seq_1272,146,86,137,9
Seq_1273,125,71,115,10
Seq_1274,136,76,124,12
Seq_1275,162,96,153,9
Seq_1276,133,74,121,12
Seq_1277,161,96,152,9
Seq_1278,158,94,149,9
Seq_1279,161,96,152,9
Seq_1280,159,94,150,9
Seq_1281,162,96,153,9
Seq_1282,144,81,131,13
Seq_1283,144,84,135,9
Seq_1284,148,86,138,10
Seq_1285,123,70,113,10
Seq_1286,119,65,107,12
Seq_1287,142,78,128,14
Seq_1288,129,71,117,12
Seq_1289,150,81,136,14
Seq_1290,136,77,124,12
Seq_1291,146,83,134,12
Seq_1292,145,81,133,12
Seq_1293,109,62,100,9
Seq_1294,96,55,88,8
Seq_1295,117,63,107,10
Seq_1296,106,60,97,9
Seq_1297,135,76,125,10
Seq_1298,109,62,100,9
Seq_1299,130,69,116,14
Seq_1300,136,78,127,9
Seq_1301,134,72,121,13
Seq_1302,126,69,115,11
Seq_1303,128,70,117,11
Seq_1304,145,78,131,14
Seq_1305,115,63,103,12
Seq_1306,153,84,140,13
Seq_1307,147,86,137,10
Seq_1308,133,71,120,13
Seq_1309,133,77,123,10
Seq_1310,142,79,130,12
Seq_1311,147,84,136,11
Seq_1312,148,77,132,16
Seq_1313,114,62,103,11
Seq_1314,119,69,110,9
Seq_1315,107,56,94,13
Seq_1316,93,53,85,8
Seq_1317,111,63,102,9
Seq_1318,134,76,124,10
Seq_1319,121,69,112,9
Seq_1320,108,58,97,11
Seq_1321,123,68,113,10
Seq_1322,123,70,113,10
Seq_1323,164,89,148,16
Seq_1324,139,75,126,13
Seq_1325,135,76,124,11
Seq_1326,125,73,117,8
Seq_1327,128,70,117,11
Seq_1328,142,80,132,10
Seq_1329,145,85,136,9
Seq_1330,124,71,115,9
Seq_1331,126,70,116,10
Seq_1332,119,67,110,9
Seq_1333,124,66,113,11
Seq_1334,133,72,120,13
Seq_1335,137,74,123,14
Seq_1336,131,75,121,10
Seq_1337,142,78,130,12
Seq_1338,134,75,124,10
Seq_1339,138,77,128,10
Seq_1340,116,62,104,12
Seq_1341,135,75,124,11
Seq_1342,147,85,137,10
Seq_1343,126,68,113,13
Seq_1344,131,72,120,11
Seq_1345,106,60,97,9
Seq_1346,105,58,96,9
Seq_1347,131,71,119,12
Seq_1348,141,76,129,12
Seq_1349,108,60,100,8
Seq_1350,135,75,124,11
Seq_1351,138,76,127,11
Seq_1352,144,76,131,13
Seq_1353,141,83,133,8
Seq_1354,129,75,121,8
Seq_1355,129,74,120,9
Seq_1356,116,66,107,9
Seq_1357,119,66,109,10
Seq_1358,136,79,127,9
Seq_1359,148,86,139,9
Seq_1360,140,79,130,10
Seq_1361,128,68,115,13
Seq_1362,156,84,142,14
Seq_1363,142,75,131,11
Seq_1364,153,83,140,13
Seq_1365,157,90,147,10
Seq_1366,139,75,126,13
Seq_1367,122,66,111,11
Seq_1368,143,83,133,10
Seq_1369,112,60,100,12
Seq_1370,107,60,98,9
Seq_1371,119,62,106,13
Seq_1372,155,84,141,14
Seq_1373,143,83,133,10
Seq_1374,135,76,125,10
Seq_1375,155,85,142,13
Seq_1376,117,64,107,10
Seq_1377,134,74,121,13
Seq_1378,141,73,126,15
Seq_1379,103,57,94,9
Seq_1380,119,61,107,12
Seq_1381,110,62,101,9
Seq_1382,137,74,126,11
Seq_1383,135,71,121,14
Seq_1384,131,73,121,10
Seq_1385,125,68,114,11
Seq_1386,141,76,129,12
Seq_1387,154,88,143,11
Seq_1388,142,80,132,10
Seq_1389,141,78,130,11
Seq_1390,134,72,121,13
Seq_1391,130,71,119,11
Seq_1392,142,75,127,15
Seq_1393,129,69,118,11
Seq_1394,135,70,122,13
Seq_1395,126,68,115,11
Seq_1396,121,67,110,11
Seq_1397,151,84,139,12
Seq_1398,128,68,114,14
Seq_1399,115,59,101,14
Seq_1400,143,80,132,11
Seq_1401,134,72,122,12
Seq_1402,122,68,112,10
Seq_1403,134,72,121,13
Seq_1404,121,69,111,10
Seq_1405,126,68,115,11
Seq_1406,150,81,136,14
Seq_1407,146,79,133,13
Seq_1408,126,66,113,13
Seq_1409,161,86,146,15
Seq_1410,144,82,133,11
Seq_1411,154,89,144,10
Seq_1412,132,72,121,11
Seq_1413,132,70,118,14
Seq_1414,147,80,134,13
Seq_1415,136,76,126,10
Seq_1416,153,87,142,11
Seq_1417,121,65,109,12
Seq_1418,139,74,126,13
Seq_1419,131,68,117,14
Seq_1420,137,77,126,11
Seq_1421,131,68,117,14
Seq_1422,144,72,128,16
Seq_1423,135,68,120,15
Seq_1424,126,64,112,14
Seq_1425,129,68,116,13
Seq_1426,136,73,123,13
Seq_1427,114,60,103,11
Seq_1428,135,68,120,15
Seq_1429,123,70,113,10
Seq_1430,142,78,131,11
Seq_1431,135,71,122,13
Seq_1432,145,80,132,13
Seq_1433,158,89,147,11
Seq_1434,145,75,130,15
Seq_1435,142,77,129,13
Seq_1436,140,77,129,11
Seq_1437,114,60,103,11
Seq_1438,145,79,133,12
Seq_1439,125,68,114,11
Seq_1440,126,67,114,12
Seq_1441,129,70,116,13
Seq_1442,151,80,136,15
Seq_1443,134,74,123,11
Seq_1444,135,68,120,15
Seq_1445,126,70,114,12
Seq_1446,114,66,105,9
Seq_1447,149,86,139,10
Seq_1448,123,68,112,11
Seq_1449,151,90,142,9
Seq_1450,149,83,138,11
Seq_1451,135,71,122,13
Seq_1452,148,81,134,14
Seq_1453,149,82,135,14
Seq_1454,145,84,136,9
Seq_1455,133,76,124,9
Seq_1456,143,78,131,12
Seq_1457,155,87,144,11
Seq_1458,133,71,120,13
Seq_1459,155,86,142,13
Seq_1460,144,80,132,12
Seq_1461,152,87,142,10
Seq_1462,150,81,136,14
Seq_1463,141,82,132,9
Seq_1464,145,83,135,10
Seq_1465,177,92,159,18
Seq_1466,148,79,134,14
Seq_1467,110,60,100,10
Seq_1468,141,77,129,12
Seq_1469,148,86,138,10
Seq_1470,165,95,154,11
Seq_1471,139,75,126,13
Seq_1472,151,85,140,11
Seq_1473,151,85,141,10
Seq_1474,149,88,140,9
Seq_1475,142,73,126,16
Seq_1476,135,73,122,13
Seq_1477,127,68,114,13
Seq_1478,150,80,136,14
Seq_1479,139,73,125,14
Seq_1480,137,76,126,11
Seq_1481,144,78,131,13
Seq_1482,136,75,124,12
Seq_1483,120,63,107,13
Seq_1484,134,77,124,10
Seq_1485,147,82,136,11
Seq_1486,144,77,131,13
Seq_1487,141,76,129,12
Seq_1488,141,78,130,11
Seq_1489,120,61,107,13
Seq_1490,145,81,133,12
Seq_1491,135,75,124,11
Seq_1492,131,70,117,14
Seq_1493,135,73,123,12
Seq_1494,114,60,103,11
Seq_1495,145,81,134,11
Seq_1496,137,75,125,12
Seq_1497,145,79,133,12
Seq_1498,125,71,116,9
Seq_1499,134,71,121,13
Seq_1500,104,56,94,10
Seq_1501,125,68,114,11
Seq_1502,137,75,125,12
Seq_1503,124,66,112,12
Seq_1504,121,65,110,11
Seq_1505,147,81,135,12
Seq_1506,128,72,116,12
Seq_1507,134,74,124,10
Seq_1508,134,73,122,12
Seq_1509,144,80,132,12
Seq_1510,137,77,126,11
Seq_1511,147,81,135,12
Seq_1512,144,75,129,15
Seq_1513,121,62,106,15
Seq_1514,134,67,119,15
Seq_1515,162,84,144,18
Seq_1516,147,82,135,12
Seq_1517,128,67,114,14
Seq_1518,120,66,108,12
Seq_1519,131,70,117,14
Seq_1520,133,72,120,13
Seq_1521,114,60,101,13
Seq_1522,161,84,143,18
Seq_1523,149,78,132,17
Seq_1524,152,79,133,19
Seq_1525,114,59,100,14
Seq_1526,135,73,121,14
Seq_1527,165,88,148,17
Seq_1528,160,91,147,13
Seq_1529,150,84,138,12
Seq_1530,138,75,125,13
Seq_1531,149,80,136,13
Seq_1532,147,80,133,14
Seq_1533,151,80,136,15
Seq_1534,145,75,129,16
Seq_1535,105,56,94,11
Seq_1536,159,87,146,13
Seq_1537,150,81,135,15
Seq_1538,158,81,139,19
Seq_1539,156,84,141,15
Seq_1540,119,66,109,10
Seq_1541,145,75,129,16
Seq_1542,111,64,103,8
Seq_1543,104,56,93,11
Seq_1544,155,85,140,15
Seq_1545,127,68,115,12
Seq_1546,113,64,104,9
Seq_1547,121,66,110,11
Seq_1548,125,67,114,11
Seq_1549,108,60,100,8
Seq_1550,124,71,115,9
Seq_1551,141,81,132,9
Seq_1552,98,54,89,9
Seq_1553,109,57,97,12
Seq_1554,129,68,117,12
Seq_1555,122,67,111,11
Seq_1556,135,75,124,11
Seq_1557,121,69,111,10
Seq_1558,126,68,115,11
Seq_1559,134,72,121,13
Seq_1560,125,68,114,11
Seq_1561,135,68,120,15
Seq_1562,130,72,119,11
Seq_1563,126,67,113,13
Seq_1564,130,72,119,11
Seq_1565,112,58,99,13
Seq_1566,136,70,118,18
Seq_1567,101,54,90,11
Seq_1568,146,81,132,14
Seq_1569,109,57,97,12
Seq_1570,106,58,96,10
Seq_1571,131,75,120,11
Seq_1572,131,74,121,10
Seq_1573,88,48,80,8
Seq_1574,93,52,85,8
Seq_1575,91,52,83,8
Seq_1576,88,48,80,8
Seq_1577,103,58,95,8
Seq_1578,116,68,108,8
Seq_1579,112,59,103,9
Seq_1580,95,54,87,8
Seq_1581,88,48,80,8
Seq_1582,115,66,107,8
Seq_1583,119,64,108,11
Seq_1584,110,62,101,9
Seq_1585,124,68,112,12
Seq_1586,121,69,112,9
Seq_1587,144,83,134,10
Seq_1588,94,53,86,8
Seq_1589,128,71,117,11
Seq_1590,146,84,136,10
Seq_1591,138,77,126,12
Seq_1592,132,77,123,9
Seq_1593,112,63,103,9
Seq_1594,132,72,120,12
Seq_1595,154,84,142,12
Seq_1596,148,81,135,13
Seq_1597,125,67,112,13
Seq_1598,138,73,124,14
Seq_1599,119,66,108,11
Seq_1600,122,68,111,11
Seq_1601,130,68,117,13
Seq_1602,122,64,112,10
Seq_1603,98,56,90,8
Seq_1604,119,66,110,9
Seq_1605,121,68,111,10
Seq_1606,88,48,80,8
Seq_1607,118,68,110,8
Seq_1608,134,76,124,10
Seq_1609,115,61,104,11
Seq_1610,131,72,120,11
Seq_1611,112,60,101,11
Seq_1612,138,79,128,10
Seq_1613,158,95,149,9
Seq_1614,114,64,105,9
Seq_1615,153,83,139,14
Seq_1616,136,75,126,10
Seq_1617,140,80,130,10
Seq_1618,131,74,121,10
Seq_1619,143,81,132,11
Seq_1620,142,76,129,13
Seq_1621,127,68,116,11
Seq_1622,138,74,126,12
Seq_1623,126,68,115,11
Seq_1624,149,86,139,10
Seq_1625,130,71,118,12
Seq_1626,145,79,132,13
Seq_1627,158,85,143,15
Seq_1628,151,85,141,10
Seq_1629,156,86,143,13
Seq_1630,147,82,136,11
Seq_1631,100,58,92,8
Seq_1632,126,68,115,11
Seq_1633,145,77,129,16
Seq_1634,134,73,121,13
Seq_1635,125,72,116,9
Seq_1636,149,87,140,9
Seq_1637,152,88,142,10
Seq_1638,156,91,147,9
Seq_1639,150,86,139,11
Seq_1640,147,78,131,16
Seq_1641,124,70,114,10
Seq_1642,148,81,135,13
Seq_1643,140,81,131,9
Seq_1644,156,89,144,12
Seq_1645,140,81,132,8
Seq_1646,135,74,124,11
Seq_1647,137,76,126,11
Seq_1648,137,76,126,11
Seq_1649,124,71,115,9
Seq_1650,155,83,139,16
Seq_1651,131,69,117,14
Seq_1652,144,80,132,12
Seq_1653,147,84,136,11
Seq_1654,124,72,115,9
Seq_1655,118,63,105,13
Seq_1656,134,78,125,9
Seq_1657,137,76,126,11
Seq_1658,133,73,122,11
Seq_1659,128,71,117,11
Seq_1660,139,77,127,12
Seq_1661,160,94,150,10
Seq_1662,131,73,120,11
Seq_1663,141,79,131,10
Seq_1664,173,95,157,16
Seq_1665,141,81,132,9
Seq_1666,139,75,126,13
Seq_1667,138,77,126,12
Seq_1668,139,76,126,13
Seq_1669,156,91,146,10
Seq_1670,147,84,136,11
Seq_1671,170,97,158,12
Seq_1672,146,84,137,9
Seq_1673,159,92,149,10
Seq_1674,152,89,143,9
Seq_1675,147,87,138,9
Seq_1676,153,90,144,9
Seq_1677,158,85,143,15
Seq_1678,148,83,136,12
Seq_1679,149,87,139,10
Seq_1680,160,91,148,12
Seq_1681,150,83,138,12
Seq_1682,144,82,135,9
Seq_1683,139,78,128,11
Seq_1684,152,87,142,10
Seq_1685,130,73,120,10
Seq_1686,146,83,135,11
Seq_1687,143,83,134,9
Seq_1688,147,79,133,14
Seq_1689,156,89,145,11
Seq_1690,98,55,90,8
Seq_1691,132,78,124,8
Seq_1692,139,81,130,9
Seq_1693,147,79,134,13
Seq_1694,143,82,134,9
Seq_1695,131,77,123,8
Seq_1696,135,77,125,10
Seq_1697,143,81,133,10
Seq_1698,122,71,114,8
Seq_1699,147,78,132,15
Seq_1700,143,77,129,14
Seq_1701,137,74,124,13
Seq_1702,131,74,121,10
Seq_1703,143,84,134,9
Seq_1704,108,62,100,8
Seq_1705,135,75,124,11
Seq_1706,148,81,135,13
Seq_1707,151,83,138,13
Seq_1708,151,84,139,12
Seq_1709,101,56,92,9
Seq_1710,160,89,147,13
Seq_1711,143,80,132,11
Seq_1712,147,85,137,10
Seq_1713,151,86,141,10
Seq_1714,139,81,130,9
Seq_1715,148,85,138,10
Seq_1716,122,68,112,10
Seq_1717,141,77,129,12
Seq_1718,163,94,152,11
Seq_1719,145,77,130,15
Seq_1720,142,75,128,14
Seq_1721,146,82,135,11
Seq_1722,117,65,107,10
Seq_1723,144,80,133,11
Seq_1724,148,85,137,11
Seq_1725,147,82,136,11
Seq_1726,165,96,154,11
Seq_1727,140,73,126,14
Seq_1728,119,66,109,10
Seq_1729,144,80,132,12
Seq_1730,127,73,118,9
Seq_1731,131,75,121,10
Seq_1732,135,79,126,9
Seq_1733,119,66,108,11
Seq_1734,154,83,138,16
Seq_1735,143,84,134,9
Seq_1736,162,94,151,11
Seq_1737,139,80,130,9
Seq_1738,166,96,155,11
Seq_1739,151,89,142,9
Seq_1740,156,89,145,11
Seq_1741,144,80,132,12
Seq_1742,143,81,133,10
Seq_1743,168,101,159,9
Seq_1744,144,80,134,10
Seq_1745,134,75,123,11
Seq_1746,137,78,127,10
Seq_1747,128,73,119,9
Seq_1748,151,88,142,9
Seq_1749,149,84,139,10
Seq_1750,142,77,131,11
Seq_1751,152,87,141,11
Seq_1752,138,76,126,12
Seq_1753,144,82,134,10
Seq_1754,142,76,127,15
Seq_1755,123,70,113,10
Seq_1756,163,94,151,12
Seq_1757,151,87,142,9
Seq_1758,123,68,113,10
Seq_1759,121,69,112,9
Seq_1760,127,70,116,11
Seq_1761,142,79,130,12
Seq_1762,138,79,129,9
Seq_1763,154,93,146,8
Seq_1764,132,75,122,10
Seq_1765,128,72,118,10
Seq_1766,147,84,136,11
Seq_1767,137,71,122,15
Seq_1768,140,78,129,11
Seq_1769,156,88,143,13
Seq_1770,138,77,126,12
Seq_1771,122,69,112,10
Seq_1772,109,64,101,8
Seq_1773,140,79,129,11
Seq_1774,118,70,110,8
Seq_1775,119,67,109,10
Seq_1776,141,79,130,11
Seq_1777,150,86,138,12
Seq_1778,124,66,111,13
Seq_1779,128,73,119,9
Seq_1780,120,67,111,9
Seq_1781,132,72,120,12
Seq_1782,159,90,148,11
Seq_1783,151,81,137,14
Seq_1784,152,87,142,10
Seq_1785,158,90,146,12
Seq_1786,133,71,120,13
Seq_1787,138,77,127,11
Seq_1788,152,84,140,12
Seq_1789,143,77,129,14
Seq_1790,136,74,124,12
Seq_1791,115,66,107,8
Seq_1792,130,73,121,9
Seq_1793,142,77,129,13
Seq_1794,144,78,131,13
Seq_1795,127,71,116,11
Seq_1796,128,68,117,11
Seq_1797,152,80,137,15
Seq_1798,136,72,122,14
Seq_1799,123,65,111,12
Seq_1800,126,69,116,10
Seq_1801,123,68,112,11
Seq_1802,134,75,123,11
Seq_1803,134,71,120,14
Seq_1804,131,69,118,13
Seq_1805,135,76,125,10
Seq_1806,121,68,111,10
Seq_1807,137,74,125,12
Seq_1808,148,81,135,13
Seq_1809,123,67,111,12
Seq_1810,140,79,129,11
Seq_1811,141,80,131,10
Seq_1812,144,82,133,11
Seq_1813,135,78,125,10
Seq_1814,136,77,126,10
Seq_1815,142,81,133,9
Seq_1816,141,75,129,12
Seq_1817,144,77,131,13
Seq_1818,143,78,131,12
Seq_1819,166,96,156,10
Seq_1820,141,76,129,12
Seq_1821,147,77,132,15
Seq_1822,107,60,99,8
Seq_1823,136,75,125,11
Seq_1824,97,54,89,8
Seq_1825,130,74,121,9
Seq_1826,140,75,127,13
Seq_1827,132,75,123,9
Seq_1828,157,86,144,13
Seq_1829,149,81,136,13
Seq_1830,143,83,134,9
Seq_1831,140,78,129,11
Seq_1832,148,84,138,10
Seq_1833,150,81,136,14
Seq_1834,147,82,136,11
Seq_1835,151,85,141,10
Seq_1836,151,83,140,11
Seq_1837,151,84,140,11
Seq_1838,142,77,131,11
Seq_1839,141,78,129,12
Seq_1840,142,77,130,12
Seq_1841,141,78,129,12
Seq_1842,148,83,137,11
Seq_1843,116,64,106,10
Seq_1844,158,88,146,12
Seq_1845,129,69,116,13
Seq_1846,136,77,125,11
Seq_1847,142,76,127,15
Seq_1848,141,76,128,13
Seq_1849,148,83,137,11
Seq_1850,141,80,130,11
Seq_1851,158,87,145,13
Seq_1852,141,80,130,11
Seq_1853,136,75,125,11
Seq_1854,119,61,107,12
Seq_1855,150,81,136,14
Seq_1856,131,67,115,16
Seq_1857,119,66,108,11
Seq_1858,131,74,120,11
Seq_1859,117,67,108,9
Seq_1860,139,75,127,12
Seq_1861,152,87,141,11
Seq_1862,143,81,132,11
Seq_1863,146,83,136,10
Seq_1864,132,76,123,9
Seq_1865,131,74,120,11
Seq_1866,138,78,128,10
Seq_1867,135,75,124,11
Seq_1868,146,77,130,16
Seq_1869,126,66,113,13
Seq_1870,117,64,106,11
Seq_1871,142,79,131,11
Seq_1872,145,74,129,16
Seq_1873,137,74,124,13
Seq_1874,149,79,134,15
Seq_1875,124,69,113,11
Seq_1876,143,79,131,12
Seq_1877,146,78,133,13
Seq_1878,157,87,144,13
Seq_1879,130,73,119,11
Seq_1880,131,76,122,9
Seq_1881,131,72,118,13
Seq_1882,140,78,129,11
Seq_1883,145,82,135,10
Seq_1884,132,74,122,10
Seq_1885,139,75,125,14
Seq_1886,128,70,117,11
Seq_1887,162,89,148,14
Seq_1888,153,87,142,11
Seq_1889,103,58,94,9
Seq_1890,132,73,120,12
Seq_1891,118,65,108,10
Seq_1892,144,76,131,13
Seq_1893,130,68,120,10
Seq_1894,149,85,138,11
Seq_1895,155,88,145,10
Seq_1896,109,56,96,13
Seq_1897,131,73,120,11
Seq_1898,131,71,120,11
Seq_1899,120,64,109,11
Seq_1900,124,66,112,12
Seq_1901,112,59,99,13
Seq_1902,115,61,104,11
Seq_1903,115,63,105,10
Seq_1904,105,56,94,11
Seq_1905,88,48,80,8
Seq_1906,114,65,105,9
Seq_1907,123,66,112,11
Seq_1908,133,72,121,12
Seq_1909,142,77,131,11
Seq_1910,130,71,119,11
Seq_1911,132,73,121,11
Seq_1912,133,73,121,12
Seq_1913,134,75,125,9
Seq_1914,140,80,131,9
Seq_1915,132,72,120,12
Seq_1916,125,72,116,9
Seq_1917,162,87,148,14
Seq_1918,156,94,148,8
Seq_1919,129,71,118,11
Seq_1920,124,70,114,10
Seq_1921,142,77,130,12
Seq_1922,145,79,133,12
Seq_1923,132,72,121,11
Seq_1924,128,74,119,9
Seq_1925,119,66,109,10
Seq_1926,128,71,118,10
Seq_1927,151,85,139,12
Seq_1928,104,57,95,9
Seq_1929,120,64,109,11
Seq_1930,121,67,112,9
Seq_1931,122,70,114,8
Seq_1932,132,76,123,9
Seq_1933,116,62,105,11
Seq_1934,128,70,117,11
Seq_1935,134,77,125,9
Seq_1936,128,74,119,9
Seq_1937,128,70,117,11
Seq_1938,137,75,125,12
Seq_1939,143,77,130,13
Seq_1940,141,72,125,16
Seq_1941,159,89,147,12
Seq_1942,127,69,116,11
Seq_1943,146,79,133,13
Seq_1944,140,78,130,10
Seq_1945,146,82,135,11
Seq_1946,149,79,135,14
Seq_1947,142,74,128,14
Seq_1948,139,76,126,13
Seq_1949,140,77,127,13
Seq_1950,141,76,129,12
Seq_1951,136,76,126,10
Seq_1952,144,76,131,13
Seq_1953,98,54,89,9
Seq_1954,125,68,114,11
Seq_1955,134,74,123,11
Seq_1956,134,74,123,11
Seq_1957,160,89,146,14
Seq_1958,153,87,142,11
Seq_1959,149,86,140,9
Seq_1960,142,80,131,11
Seq_1961,132,73,121,11
Seq_1962,130,74,121,9
Seq_1963,148,81,136,12
Seq_1964,148,82,136,12
Seq_1965,146,83,135,11
Seq_1966,116,65,106,10
Seq_1967,125,74,117,8
Seq_1968,133,72,121,12
Seq_1969,95,52,87,8
Seq_1970,138,79,129,9
Seq_1971,124,66,112,12
Seq_1972,130,72,120,10
Seq_1973,112,60,101,11
Seq_1974,140,78,128,12
Seq_1975,135,74,124,11
Seq_1976,119,65,109,10
Seq_1977,134,74,123,11
Seq_1978,115,67,107,8
Seq_1979,140,78,128,12
Seq_1980,148,84,137,11
Seq_1981,147,85,138,9
Seq_1982,118,68,110,8
Seq_1983,126,73,118,8
Seq_1984,130,70,118,12
Seq_1985,119,64,108,11
Seq_1986,108,63,100,8
Seq_1987,133,77,124,9
Seq_1988,118,65,108,10
Seq_1989,149,86,138,11
Seq_1990,125,73,117,8
Seq_1991,130,71,117,13
Seq_1992,135,76,125,10
Seq_1993,148,83,138,10
Seq_1994,116,66,107,9
Seq_1995,132,73,121,11
Seq_1996,124,70,115,9
Seq_1997,141,78,130,11
Seq_1998,140,77,128,12
Seq_1999,144,82,134,10
Seq_2000,139,73,124,15
Seq_2001,124,66,113,11
Seq_2002,134,71,121,13
Seq_2003,123,66,112,11
Seq_2004,135,70,121,14
Seq_2005,132,76,122,10
Seq_2006,135,77,125,10
Seq_2007,159,91,148,11
Seq_2008,128,70,115,13
Seq_2009,144,80,132,12
Seq_2010,126,68,114,12
Seq_2011,148,83,136,12
Seq_2012,144,82,134,10
Seq_2013,144,85,135,9
Seq_2014,127,68,114,13
Seq_2015,129,67,116,13
Seq_2016,144,79,132,12
Seq_2017,159,93,149,10
Seq_2018,144,79,131,13
Seq_2019,108,60,98,10
Seq_2020,141,78,129,12
Seq_2021,124,71,114,10
Seq_2022,129,72,120,9
Seq_2023,120,67,110,10
Seq_2024,97,56,89,8
Seq_2025,150,84,138,12
Seq_2026,137,79,128,9
Seq_2027,156,91,145,11
Seq_2028,149,87,139,10
Seq_2029,148,83,136,12
Seq_2030,152,89,143,9
Seq_2031,124,71,115,9
Seq_2032,121,70,113,8
Seq_2033,137,80,129,8
Seq_2034,135,77,123,12
Seq_2035,140,80,130,10
Seq_2036,138,76,126,12
Seq_2037,137,78,128,9
Seq_2038,159,93,150,9
Seq_2039,113,64,105,8
Seq_2040,143,78,130,13
Seq_2041,145,82,135,10
Seq_2042,136,76,126,10
Seq_2043,134,73,122,12
Seq_2044,138,78,127,11
Seq_2045,124,68,114,10
Seq_2046,150,77,133,17
Seq_2047,135,76,124,11
Seq_2048,155,84,142,13
Seq_2049,127,74,118,9
Seq_2050,130,73,120,10
Seq_2051,124,71,115,9
Seq_2052,152,86,141,11
Seq_2053,167,96,155,12
Seq_2054,125,71,116,9
Seq_2055,132,75,123,9
Seq_2056,120,71,112,8
Seq_2057,117,65,107,10
Seq_2058,117,65,107,10
Seq_2059,129,68,116,13
Seq_2060,130,74,121,9
Seq_2061,130,76,122,8
Seq_2062,142,84,133,9
Seq_2063,130,73,120,10
Seq_2064,138,78,128,10
Seq_2065,131,78,123,8
Seq_2066,138,75,126,12
Seq_2067,147,82,134,13
Seq_2068,143,78,131,12
Seq_2069,164,87,148,16
Seq_2070,138,70,121,17
Seq_2071,141,73,126,15
Seq_2072,152,81,138,14
Seq_2073,129,68,115,14
Seq_2074,165,92,152,13
Seq_2075,150,79,134,16
Seq_2076,138,73,124,14
Seq_2077,115,60,101,14
Seq_2078,137,71,123,14
Seq_2079,116,62,105,11
Seq_2080,122,63,108,14
Seq_2081,157,82,140,17
Seq_2082,151,85,140,11
Seq_2083,142,77,129,13
Seq_2084,142,77,129,13
Seq_2085,139,77,126,13
Seq_2086,147,81,134,13
Seq_2087,148,81,134,14
Seq_2088,141,73,124,17
Seq_2089,121,60,105,16
Seq_2090,118,69,110,8
Seq_2091,121,69,111,10
Seq_2092,124,71,115,9
Seq_2093,107,62,99,8
Seq_2094,125,71,116,9
Seq_2095,109,62,101,8
Seq_2096,125,68,113,12
Seq_2097,111,62,101,10
Seq_2098,139,78,128,11
Seq_2099,129,70,118,11
Seq_2100,124,68,113,11
Seq_2101,112,62,101,11
Seq_2102,119,68,110,9
Seq_2103,96,52,86,10
Seq_2104,118,69,109,9
Seq_2105,124,69,115,9
Seq_2106,122,69,113,9
Seq_2107,125,69,115,10
Seq_2108,105,59,96,9
Seq_2109,132,76,122,10
Seq_2110,130,71,119,11
Seq_2111,101,58,93,8
Seq_2112,124,71,115,9
Seq_2113,134,76,126,8
Seq_2114,111,64,103,8
Seq_2115,125,71,116,9
Seq_2116,119,64,107,12
Seq_2117,132,72,119,13
Seq_2118,115,64,106,9
Seq_2119,140,73,125,15
Seq_2120,109,62,101,8
Seq_2121,101,58,93,8
Seq_2122,137,74,124,13
Seq_2123,132,75,122,10
Seq_2124,136,72,122,14
Seq_2125,144,80,133,11
Seq_2126,122,70,113,9
Seq_2127,127,69,115,12
Seq_2128,127,68,115,12
Seq_2129,130,69,116,14
Seq_2130,118,67,108,10
Seq_2131,139,75,125,14
Seq_2132,134,70,119,15
Seq_2133,136,79,127,9
Seq_2134,131,74,121,10
Seq_2135,139,79,129,10
Seq_2136,122,66,110,12
Seq_2137,126,67,114,12
Seq_2138,126,71,117,9
Seq_2139,134,71,121,13
Seq_2140,123,66,112,11
Seq_2141,135,71,121,14
Seq_2142,129,71,119,10
Seq_2143,136,73,124,12
Seq_2144,108,60,98,10
Seq_2145,115,62,104,11
Seq_2146,123,70,113,10
Seq_2147,128,74,119,9
Seq_2148,128,67,114,14
Seq_2149,148,77,133,15
Seq_2150,127,68,116,11
Seq_2151,149,79,134,15
Seq_2152,125,67,113,12
Seq_2153,141,80,131,10
Seq_2154,136,76,125,11
Seq_2155,146,80,133,13
Seq_2156,150,80,135,15
Seq_2157,132,72,120,12
Seq_2158,120,70,111,9
Seq_2159,138,75,125,13
Seq_2160,111,62,101,10
Seq_2161,136,79,126,10
Seq_2162,147,75,130,17
Seq_2163,144,82,134,10
Seq_2164,136,78,126,10
Seq_2165,140,81,130,10
Seq_2166,128,66,114,14
Seq_2167,135,72,123,12
Seq_2168,146,81,134,12
Seq_2169,150,78,134,16
Seq_2170,132,72,120,12
Seq_2171,142,74,126,16
Seq_2172,145,83,135,10
Seq_2173,132,72,121,11
Seq_2174,127,68,115,12
Seq_2175,130,71,118,12
Seq_2176,105,58,94,11
Seq_2177,131,69,117,14
Seq_2178,125,68,113,12
Seq_2179,152,78,134,18
Seq_2180,134,71,119,15
Seq_2181,110,63,101,9
Seq_2182,115,62,103,12
Seq_2183,128,73,118,10
Seq_2184,127,64,112,15
Seq_2185,123,69,113,10
Seq_2186,135,73,122,13
Seq_2187,139,76,126,13
Seq_2188,99,56,91,8
Seq_2189,96,52,86,10
Seq_2190,128,69,117,11
Seq_2191,91,50,83,8
Seq_2192,116,68,108,8
Seq_2193,131,70,118,13
Seq_2194,132,70,119,13
Seq_2195,131,76,121,10
Seq_2196,139,76,126,13
Seq_2197,129,72,118,11
Seq_2198,107,57,97,10
Seq_2199,120,70,112,8
Seq_2200,124,71,114,10
Seq_2201,132,74,121,11
Seq_2202,122,66,110,12
Seq_2203,118,69,109,9
Seq_2204,130,73,119,11
Seq_2205,125,66,111,14
Seq_2206,141,75,127,14
Seq_2207,127,68,116,11
Seq_2208,140,80,129,11
Seq_2209,127,71,117,10
Seq_2210,129,76,120,9
Seq_2211,140,81,131,9
Seq_2212,137,80,128,9
Seq_2213,109,64,101,8
Seq_2214,124,69,115,9
Seq_2215,126,71,116,10
Seq_2216,143,79,131,12
Seq_2217,138,76,128,10
Seq_2218,151,86,138,13
Seq_2219,132,77,123,9
Seq_2220,134,76,123,11
Seq_2221,131,76,122,9
Seq_2222,124,74,116,8
Seq_2223,147,83,136,11
Seq_2224,132,74,121,11
Seq_2225,140,77,129,11
Seq_2226,126,70,116,10
Seq_2227,155,86,142,13
Seq_2228,153,84,138,15
Seq_2229,127,73,117,10
Seq_2230,144,81,133,11
Seq_2231,151,81,138,13
Seq_2232,146,81,134,12
Seq_2233,120,67,110,10
Seq_2234,122,69,113,9
Seq_2235,129,75,120,9
Seq_2236,135,80,126,9
Seq_2237,122,70,112,10
Seq_2238,142,79,130,12
Seq_2239,134,75,124,10
Seq_2240,113,64,104,9
Seq_2241,119,67,109,10
Seq_2242,134,74,122,12
Seq_2243,110,61,101,9
Seq_2244,134,78,125,9
Seq_2245,143,78,130,13
Seq_2246,134,78,124,10
Seq_2247,136,78,126,10
Seq_2248,148,80,134,14
Seq_2249,134,77,124,10
Seq_2250,125,71,115,10
Seq_2251,160,88,144,16
Seq_2252,138,79,128,10
Seq_2253,134,77,124,10
Seq_2254,129,72,118,11
Seq_2255,129,74,119,10
Seq_2256,144,78,131,13
Seq_2257,146,76,130,16
Seq_2258,137,75,126,11
Seq_2259,135,79,126,9
Seq_2260,116,66,107,9
Seq_2261,138,78,127,11
Seq_2262,139,76,127,12
Seq_2263,166,88,149,17
Seq_2264,132,71,119,13
Seq_2265,126,74,118,8
Seq_2266,141,76,127,14
Seq_2267,128,71,117,11
Seq_2268,128,67,115,13
Seq_2269,137,75,126,11
Seq_2270,125,68,113,12
Seq_2271,150,77,134,16
Seq_2272,135,71,121,14
Seq_2273,145,76,131,14
Seq_2274,140,76,126,14
Seq_2275,122,70,113,9
Seq_2276,128,73,118,10
Seq_2277,133,74,122,11
Seq_2278,106,60,98,8
Seq_2279,131,77,123,8
Seq_2280,135,78,126,9
Seq_2281,133,75,124,9
Seq_2282,109,62,101,8
Seq_2283,122,72,114,8
Seq_2284,137,74,124,13
Seq_2285,143,82,135,8
Seq_2286,135,76,124,11
Seq_2287,146,82,135,11
Seq_2288,146,83,136,10
Seq_2289,137,72,123,14
Seq_2290,115,66,107,8
Seq_2291,137,80,128,9
Seq_2292,131,73,121,10
Seq_2293,134,77,125,9
Seq_2294,134,73,121,13
Seq_2295,146,76,130,16
Seq_2296,128,70,116,12
Seq_2297,143,80,132,11
Seq_2298,143,78,131,12
Seq_2299,137,77,126,11
Seq_2300,124,67,113,11
Seq_2301,151,86,139,12
Seq_2302,158,83,142,16
Seq_2303,142,80,131,11
Seq_2304,144,80,132,12
Seq_2305,144,81,132,12
Seq_2306,140,78,130,10
Seq_2307,132,70,117,15
Seq_2308,119,68,110,9
Seq_2309,136,71,122,14
Seq_2310,127,69,114,13
Seq_2311,119,69,111,8
Seq_2312,117,64,107,10
Seq_2313,126,69,116,10
Seq_2314,121,70,113,8
Seq_2315,139,79,130,9
Seq_2316,132,72,121,11
Seq_2317,110,60,100,10
Seq_2318,145,81,133,12
Seq_2319,124,66,112,12
Seq_2320,139,77,127,12
Seq_2321,119,64,108,11
Seq_2322,150,81,135,15
Seq_2323,136,76,125,11
Seq_2324,112,61,102,10
Seq_2325,137,74,124,13
Seq_2326,116,64,106,10
Seq_2327,126,71,117,9
Seq_2328,131,67,119,12
Seq_2329,116,64,106,10
Seq_2330,136,79,127,9
Seq_2331,104,58,96,8
Seq_2332,126,68,113,13
Seq_2333,134,75,123,11
Seq_2334,141,73,126,15
Seq_2335,120,64,107,13
Seq_2336,128,71,117,11
Seq_2337,123,66,111,12
Seq_2338,126,68,114,12
Seq_2339,131,74,122,9
Seq_2340,138,78,127,11
Seq_2341,129,67,115,14
Seq_2342,109,62,101,8
Seq_2343,132,74,122,10
Seq_2344,136,73,125,11
Seq_2345,159,87,146,13
Seq_2346,124,70,115,9
Seq_2347,102,58,94,8
Seq_2348,130,71,118,12
Seq_2349,121,70,113,8
Seq_2350,126,72,116,10
Seq_2351,128,74,119,9
Seq_2352,128,70,115,13
Seq_2353,137,76,125,12
Seq_2354,143,78,131,12
Seq_2355,148,88,139,9
Seq_2356,112,64,104,8
Seq_2357,114,66,106,8
Seq_2358,138,78,127,11
Seq_2359,127,69,116,11
Seq_2360,133,75,122,11
Seq_2361,128,72,117,11
Seq_2362,134,77,124,10
Seq_2363,139,78,129,10
Seq_2364,131,76,122,9
Seq_2365,148,81,135,13
Seq_2366,129,73,119,10
Seq_2367,135,74,123,12
Seq_2368,139,78,128,11
Seq_2369,126,74,117,9
Seq_2370,147,79,133,14
Seq_2371,147,75,129,18
Seq_2372,144,75,129,15
Seq_2373,140,74,127,13
Seq_2374,133,75,124,9
Seq_2375,145,77,132,13
Seq_2376,148,77,133,15
Seq_2377,150,82,138,12
Seq_2378,137,74,125,12
Seq_2379,141,79,130,11
Seq_2380,163,89,149,14
Seq_2381,150,80,137,13
Seq_2382,155,82,140,15
Seq_2383,158,88,146,12
Seq_2384,143,80,133,10
Seq_2385,159,91,150,9
Seq_2386,132,72,121,11
Seq_2387,150,81,138,12
Seq_2388,127,69,118,9
Seq_2389,139,72,125,14
Seq_2390,128,67,116,12
Seq_2391,142,75,127,15
Seq_2392,123,70,113,10
Seq_2393,121,62,109,12
Seq_2394,123,66,110,13
Seq_2395,119,65,108,11
Seq_2396,131,74,121,10
Seq_2397,139,76,128,11
Seq_2398,154,82,137,17
Seq_2399,134,73,123,11
Seq_2400,133,74,122,11
Seq_2401,124,69,114,10
Seq_2402,123,71,114,9
Seq_2403,124,71,115,9
Seq_2404,119,68,110,9
Seq_2405,140,81,130,10
Seq_2406,140,77,128,12
Seq_2407,126,70,115,11
Seq_2408,136,72,123,13
Seq_2409,116,61,104,12
Seq_2410,117,64,107,10
Seq_2411,138,71,124,14
Seq_2412,134,69,120,14
Seq_2413,130,71,118,12
Seq_2414,142,74,125,17
Seq_2415,121,66,110,11
Seq_2416,138,76,126,12
Seq_2417,132,69,120,12
Seq_2418,103,56,93,10
Seq_2419,140,77,129,11
Seq_2420,129,67,115,14
Seq_2421,149,82,136,13
Seq_2422,139,76,127,12
Seq_2423,129,67,116,13
Seq_2424,147,74,129,18
Seq_2425,131,68,118,13
Seq_2426,147,76,131,16
Seq_2427,124,68,114,10
Seq_2428,151,83,139,12
Seq_2429,159,83,143,16
Seq_2430,136,72,121,15
Seq_2431,133,68,119,14
Seq_2432,141,77,127,14
Seq_2433,146,75,130,16
Seq_2434,149,81,135,14
Seq_2435,148,82,134,14
Seq_2436,118,65,108,10
Seq_2437,131,74,120,11
Seq_2438,127,71,116,11
Seq_2439,126,72,117,9
Seq_2440,117,64,107,10
Seq_2441,122,67,111,11
Seq_2442,135,64,116,19
Seq_2443,126,70,115,11
Seq_2444,139,80,129,10
Seq_2445,130,72,119,11
Seq_2446,133,74,122,11
Seq_2447,134,70,119,15
Seq_2448,130,70,119,11
Seq_2449,132,74,121,11
Seq_2450,122,67,111,11
Seq_2451,135,74,122,13
Seq_2452,122,65,110,12
Seq_2453,124,66,112,12
Seq_2454,143,79,132,11
Seq_2455,121,68,111,10
Seq_2456,118,65,107,11
Seq_2457,120,66,110,10
Seq_2458,150,80,136,14
Seq_2459,150,82,136,14
Seq_2460,152,83,138,14
Seq_2461,169,92,154,15
Seq_2462,123,69,113,10
Seq_2463,149,82,136,13
Seq_2464,123,67,112,11
Seq_2465,145,77,130,15
Seq_2466,149,80,134,15
Seq_2467,152,89,142,10
Seq_2468,145,83,136,9
Seq_2469,147,86,138,9
Seq_2470,136,73,123,13
Seq_2471,133,73,122,11
Seq_2472,128,69,115,13
Seq_2473,134,72,120,14
Seq_2474,136,79,127,9
Seq_2475,129,73,119,10
Seq_2476,146,82,135,11
Seq_2477,151,83,137,14
Seq_2478,144,82,134,10
Seq_2479,157,88,144,13
Seq_2480,129,73,119,10
Seq_2481,139,77,128,11
Seq_2482,128,70,117,11
Seq_2483,144,81,133,11
Seq_2484,146,81,134,12
Seq_2485,136,79,127,9
Seq_2486,143,81,133,10
Seq_2487,140,72,125,15
Seq_2488,141,74,127,14
Seq_2489,123,66,111,12
Seq_2490,145,84,135,10
Seq_2491,133,71,122,11
Seq_2492,129,63,113,16
Seq_2493,149,83,137,12
Seq_2494,129,69,115,14
Seq_2495,129,71,118,11
Seq_2496,141,76,129,12
Seq_2497,128,65,114,14
Seq_2498,140,75,128,12
Seq_2499,115,62,105,10
Seq_2500,146,80,134,12
Seq_2501,144,75,131,13
Seq_2502,126,64,112,14
Seq_2503,126,67,114,12
Seq_2504,145,81,133,12
Seq_2505,145,78,131,14
Seq_2506,137,74,124,13
Seq_2507,138,77,127,11
Seq_2508,132,73,120,12
Seq_2509,138,76,127,11
Seq_2510,142,77,128,14
Seq_2511,147,77,131,16
Seq_2512,147,74,129,18
Seq_2513,147,84,136,11
Seq_2514,147,80,134,13
Seq_2515,131,70,118,13
Seq_2516,139,78,129,10
Seq_2517,130,74,120,10
Seq_2518,122,67,112,10
Seq_2519,145,78,132,13
Seq_2520,118,64,107,11
Seq_2521,135,71,122,13
Seq_2522,143,81,132,11
Seq_2523,128,68,117,11
Seq_2524,145,85,136,9
Seq_2525,146,78,133,13
Seq_2526,146,78,132,14
Seq_2527,144,72,128,16
Seq_2528,150,84,137,13
Seq_2529,142,77,131,11
Seq_2530,126,72,117,9
Seq_2531,125,67,113,12
Seq_2532,136,73,125,11
Seq_2533,143,78,130,13
Seq_2534,142,76,130,12
Seq_2535,154,81,138,16
Seq_2536,125,69,114,11
Seq_2537,109,62,100,9
Seq_2538,154,88,143,11
Seq_2539,148,81,135,13
Seq_2540,152,88,142,10
Seq_2541,125,70,115,10
Seq_2542,139,76,128,11
Seq_2543,134,71,121,13
Seq_2544,135,75,125,10
Seq_2545,156,79,139,17
Seq_2546,136,67,118,18
Seq_2547,149,80,136,13
Seq_2548,130,70,118,12
Seq_2549,140,80,129,11
Seq_2550,129,75,120,9
Seq_2551,157,85,145,12
Seq_2552,115,63,104,11
Seq_2553,105,56,94,11
Seq_2554,136,75,125,11
Seq_2555,148,82,135,13
Seq_2556,145,79,131,14
Seq_2557,121,66,110,11
Seq_2558,134,71,120,14
Seq_2559,123,67,112,11
Seq_2560,139,80,130,9
Seq_2561,149,81,136,13
Seq_2562,148,81,135,13
Seq_2563,142,81,132,10
Seq_2564,129,73,119,10
Seq_2565,141,81,131,10
Seq_2566,155,85,141,14
Seq_2567,145,76,130,15
Seq_2568,135,76,124,11
Seq_2569,159,83,142,17
Seq_2570,129,67,115,14
Seq_2571,140,76,126,14
Seq_2572,140,79,129,11
Seq_2573,121,68,111,10
Seq_2574,122,70,113,9
Seq_2575,125,70,115,10
Seq_2576,119,64,108,11
Seq_2577,130,73,120,10
Seq_2578,129,70,117,12
Seq_2579,129,71,117,12
Seq_2580,127,73,118,9
Seq_2581,133,74,122,11
Seq_2582,137,70,123,14
Seq_2583,160,81,142,18
Seq_2584,153,83,140,13
Seq_2585,126,70,115,11
Seq_2586,118,66,108,10
Seq_2587,119,66,109,10
Seq_2588,112,60,101,11
Seq_2589,136,74,125,11
Seq_2590,134,68,118,16
Seq_2591,150,78,134,16
Seq_2592,138,77,127,11
Seq_2593,151,82,136,15
Seq_2594,160,86,145,15
Seq_2595,142,75,127,15
Seq_2596,147,84,136,11
Seq_2597,144,76,130,14
Seq_2598,125,67,113,12
Seq_2599,144,78,131,13
Seq_2600,128,65,114,14
Seq_2601,143,79,132,11
Seq_2602,136,72,122,14
Seq_2603,120,65,109,11
Seq_2604,144,78,132,12
Seq_2605,139,74,127,12
Seq_2606,143,75,129,14
Seq_2607,136,73,124,12
Seq_2608,153,83,139,14
Seq_2609,150,80,135,15
Seq_2610,122,68,112,10
Seq_2611,132,72,120,12
Seq_2612,133,66,118,15
Seq_2613,133,66,118,15
Seq_2614,133,66,118,15
Seq_2615,156,83,140,16
Seq_2616,125,65,112,13
Seq_2617,140,79,129,11
Seq_2618,138,74,125,13
Seq_2619,152,87,142,10
Seq_2620,142,80,131,11
Seq_2621,136,75,124,12
Seq_2622,157,89,145,12
Seq_2623,142,78,130,12
Seq_2624,137,69,123,14
Seq_2625,148,76,134,14
Seq_2626,138,74,125,13
Seq_2627,150,79,135,15
Seq_2628,138,74,125,13
Seq_2629,132,69,119,13
Seq_2630,123,67,112,11
Seq_2631,155,81,138,17
Seq_2632,140,76,127,13
Seq_2633,165,87,149,16
Seq_2634,142,76,128,14
Seq_2635,134,68,118,16
Seq_2636,137,70,121,16
Seq_2637,149,80,135,14
Seq_2638,152,78,136,16
Seq_2639,148,80,134,14
Seq_2640,155,83,140,15
Seq_2641,144,79,130,14
Seq_2642,140,72,124,16
Seq_2643,136,68,120,16
Seq_2644,132,68,117,15
Seq_2645,128,70,117,11
Seq_2646,123,64,110,13
Seq_2647,127,72,117,10
Seq_2648,111,60,100,11
Seq_2649,134,75,123,11
Seq_2650,121,66,109,12
Seq_2651,138,74,125,13
Seq_2652,133,75,123,10
Seq_2653,140,79,129,11
Seq_2654,141,71,124,17
Seq_2655,140,73,124,16
Seq_2656,139,79,129,10
Seq_2657,141,80,131,10
Seq_2658,134,74,122,12
Seq_2659,143,77,129,14
Seq_2660,147,79,135,12
Seq_2661,151,82,137,14
Seq_2662,141,71,123,18
Seq_2663,123,64,111,12
Seq_2664,125,66,113,12
Seq_2665,128,67,115,13
Seq_2666,154,86,142,12
Seq_2667,145,79,132,13
Seq_2668,160,86,145,15
Seq_2669,152,83,138,14
Seq_2670,142,78,130,12
Seq_2671,143,78,131,12
Seq_2672,149,78,134,15
Seq_2673,131,72,119,12
Seq_2674,136,76,125,11
Seq_2675,153,86,142,11
Seq_2676,111,62,101,10
Seq_2677,141,76,128,13
Seq_2678,140,76,128,12
Seq_2679,143,82,133,10
Seq_2680,152,85,139,13
Seq_2681,142,79,130,12
Seq_2682,148,79,134,14
Seq_2683,152,87,141,11
Seq_2684,147,82,136,11
Seq_2685,139,77,127,12
Seq_2686,147,86,137,10
Seq_2687,158,82,141,17
Seq_2688,139,75,125,14
Seq_2689,155,87,143,12
Seq_2690,157,89,146,11
Seq_2691,153,85,141,12
Seq_2692,152,84,140,12
Seq_2693,149,85,138,11
Seq_2694,149,82,137,12
Seq_2695,163,89,148,15
Seq_2696,141,76,128,13
Seq_2697,127,71,117,10
Seq_2698,142,77,128,14
Seq_2699,152,85,142,10
Seq_2700,130,73,119,11
Seq_2701,151,88,141,10
Seq_2702,149,82,135,14
Seq_2703,147,85,137,10
Seq_2704,147,76,131,16
Seq_2705,146,79,133,13
Seq_2706,135,73,123,12
Seq_2707,146,79,132,14
Seq_2708,159,86,143,16
Seq_2709,147,80,136,11
Seq_2710,148,81,135,13
Seq_2711,139,78,128,11
Seq_2712,115,64,106,9
Seq_2713,134,72,122,12
Seq_2714,136,76,125,11
Seq_2715,137,71,124,13
Seq_2716,153,88,142,11
Seq_2717,138,77,126,12
Seq_2718,129,72,119,10
Seq_2719,153,83,138,15
Seq_2720,108,59,98,10
Seq_2721,145,79,132,13
Seq_2722,142,79,131,11
Seq_2723,151,80,138,13
Seq_2724,158,88,144,14
Seq_2725,138,76,126,12
Seq_2726,143,70,125,18
Seq_2727,158,84,142,16
Seq_2728,124,65,111,13
Seq_2729,148,82,136,12
Seq_2730,130,70,118,12
Seq_2731,141,80,131,10
Seq_2732,136,70,121,15
Seq_2733,138,77,127,11
Seq_2734,156,81,141,15
Seq_2735,139,75,126,13
Seq_2736,140,76,126,14
Seq_2737,126,69,115,11
Seq_2738,144,79,130,14
Seq_2739,134,73,123,11
Seq_2740,143,77,130,13
Seq_2741,143,74,129,14
Seq_2742,151,87,141,10
Seq_2743,151,84,140,11
Seq_2744,159,88,146,13
Seq_2745,153,85,141,12
Seq_2746,150,81,136,14
Seq_2747,153,80,137,16
Seq_2748,137,74,125,12
Seq_2749,158,89,145,13
Seq_2750,140,73,127,13
Seq_2751,150,78,134,16
Seq_2752,137,70,122,15
Seq_2753,138,76,127,11
Seq_2754,133,71,121,12
Seq_2755,149,81,135,14
Seq_2756,138,72,123,15
Seq_2757,129,70,118,11
Seq_2758,139,80,129,10
Seq_2759,137,74,125,12
Seq_2760,133,69,119,14
Seq_2761,152,79,136,16
Seq_2762,145,83,135,10
Seq_2763,128,69,117,11
Seq_2764,122,67,112,10
Seq_2765,133,73,123,10
Seq_2766,129,70,117,12
Seq_2767,130,68,119,11
Seq_2768,100,54,90,10
Seq_2769,139,77,127,12
Seq_2770,117,66,108,9
Seq_2771,139,73,125,14
Seq_2772,139,74,125,14
Seq_2773,137,72,123,14
Seq_2774,141,77,128,13
Seq_2775,131,75,122,9
Seq_2776,122,64,109,13
Seq_2777,147,85,137,10
Seq_2778,145,83,136,9
Seq_2779,145,76,131,14
Seq_2780,130,70,119,11
Seq_2781,139,74,126,13
Seq_2782,142,77,129,13
Seq_2783,135,73,122,13
Seq_2784,125,68,114,11
Seq_2785,145,74,128,17
Seq_2786,122,67,111,11
Seq_2787,131,73,120,11
Seq_2788,143,80,131,12
Seq_2789,139,75,127,12
Seq_2790,138,80,129,9
Seq_2791,156,90,146,10
Seq_2792,146,79,132,14
Seq_2793,127,68,115,12
Seq_2794,138,76,127,11
Seq_2795,155,84,140,15
Seq_2796,151,86,140,11
Seq_2797,144,76,129,15
Seq_2798,141,79,130,11
Seq_2799,136,74,124,12
Seq_2800,144,82,133,11
Seq_2801,142,79,131,11
Seq_2802,150,73,133,17
Seq_2803,157,84,142,15
Seq_2804,144,78,130,14
Seq_2805,128,66,114,14
Seq_2806,167,90,152,15
Seq_2807,143,76,129,14
Seq_2808,165,87,149,16
Seq_2809,138,74,124,14
Seq_2810,133,70,119,14
Seq_2811,140,76,127,13
Seq_2812,154,85,140,14
Seq_2813,149,81,136,13
Seq_2814,136,75,124,12
Seq_2815,142,77,128,14
Seq_2816,136,73,122,14
Seq_2817,136,69,122,14
Seq_2818,134,70,119,15
Seq_2819,137,72,122,15
Seq_2820,161,87,147,14
Seq_2821,168,87,151,17
Seq_2822,138,68,121,17
Seq_2823,134,66,117,17
Seq_2824,129,69,115,14
Seq_2825,151,80,135,16
Seq_2826,125,65,111,14
Seq_2827,147,81,135,12
Seq_2828,144,77,130,14
Seq_2829,137,71,121,16
Seq_2830,147,77,131,16
Seq_2831,135,75,122,13
Seq_2832,146,77,131,15
Seq_2833,131,68,116,15
Seq_2834,146,76,131,15
Seq_2835,133,70,119,14
Seq_2836,162,83,141,21
Seq_2837,160,85,142,18
Seq_2838,143,79,130,13
Seq_2839,151,85,138,13
Seq_2840,137,73,123,14
Seq_2841,166,87,147,19
Seq_2842,138,73,124,14
Seq_2843,147,81,135,12
Seq_2844,141,74,126,15
Seq_2845,137,70,120,17
Seq_2846,136,73,123,13
Seq_2847,135,74,122,13
Seq_2848,114,64,103,11
Seq_2849,137,70,120,17
Seq_2850,131,68,114,17
Seq_2851,132,66,115,17
Seq_2852,148,81,134,14
Seq_2853,126,71,114,12
Seq_2854,130,68,115,15
Seq_2855,136,76,124,12
Seq_2856,143,73,126,17
Seq_2857,147,83,135,12
Seq_2858,136,77,125,11
Seq_2859,155,82,141,14
Seq_2860,158,82,139,19
Seq_2861,158,86,144,14
Seq_2862,154,82,139,15
Seq_2863,136,72,121,15
Seq_2864,148,82,135,13
Seq_2865,128,74,117,11
Seq_2866,133,74,122,11
Seq_2867,142,79,129,13
Seq_2868,152,82,139,13
Seq_2869,158,88,145,13
Seq_2870,172,88,152,20
Seq_2871,152,81,135,17
Seq_2872,154,83,139,15
Seq_2873,158,80,139,19
Seq_2874,151,84,138,13
Seq_2875,142,78,129,13
Seq_2876,149,79,133,16
Seq_2877,142,78,129,13
Seq_2878,142,81,130,12
Seq_2879,134,73,121,13
Seq_2880,138,77,125,13
Seq_2881,149,77,132,17
Seq_2882,131,72,119,12
Seq_2883,152,83,138,14
Seq_2884,138,77,126,12
Seq_2885,155,82,139,16
Seq_2886,143,78,130,13
Seq_2887,128,72,117,11
Seq_2888,126,72,115,11
Seq_2889,113,62,102,11
Seq_2890,139,76,127,12
Seq_2891,151,81,135,16
Seq_2892,153,81,138,15
Seq_2893,141,74,125,16
Seq_2894,143,78,130,13
Seq_2895,129,70,116,13
Seq_2896,142,74,127,15
Seq_2897,154,80,138,16
Seq_2898,146,77,131,15
Seq_2899,136,71,122,14
Seq_2900,142,79,130,12
Seq_2901,157,80,139,18
Seq_2902,139,75,125,14
Seq_2903,139,73,124,15
Seq_2904,139,77,126,13
Seq_2905,148,82,134,14
Seq_2906,133,72,119,14
Seq_2907,132,68,116,16
Seq_2908,136,75,123,13
Seq_2909,154,82,138,16
Seq_2910,138,75,124,14
Seq_2911,160,82,140,20
Seq_2912,130,67,117,13
Seq_2913,143,77,129,14
Seq_2914,125,63,110,15
Seq_2915,155,85,141,14
Seq_2916,141,76,127,14
Seq_2917,141,72,124,17
Seq_2918,157,80,140,17
Seq_2919,139,73,123,16
Seq_2920,143,79,130,13
Seq_2921,146,79,132,14
Seq_2922,162,86,146,16
Seq_2923,132,73,120,12
Seq_2924,149,84,136,13
Seq_2925,151,76,134,17
Seq_2926,132,68,117,15
Seq_2927,142,75,125,17
Seq_2928,112,62,101,11
Seq_2929,131,70,118,13
Seq_2930,125,67,112,13
Seq_2931,151,85,139,12
Seq_2932,140,76,126,14
Seq_2933,141,75,126,15
Seq_2934,145,77,129,16
Seq_2935,140,74,125,15
Seq_2936,142,79,130,12
Seq_2937,140,71,124,16
Seq_2938,126,72,117,9
Seq_2939,125,67,112,13
Seq_2940,106,61,97,9
Seq_2941,91,50,83,8
Seq_2942,134,79,125,9
Seq_2943,125,66,111,14
Seq_2944,136,68,120,16
Seq_2945,134,74,123,11
Seq_2946,122,71,114,8
Seq_2947,136,75,124,12
Seq_2948,127,66,112,15
Seq_2949,149,80,135,14
Seq_2950,124,65,112,12
Seq_2951,122,68,112,10
Seq_2952,133,68,118,15
Seq_2953,104,56,94,10
Seq_2954,125,71,116,9
Seq_2955,145,78,132,13
Seq_2956,120,67,110,10
Seq_2957,123,69,113,10
Seq_2958,145,80,132,13
Seq_2959,139,77,127,12
Seq_2960,136,79,127,9
Seq_2961,142,76,128,14
Seq_2962,128,68,114,14
Seq_2963,131,71,119,12
Seq_2964,131,69,118,13
Seq_2965,136,75,123,13
Seq_2966,117,64,106,11
Seq_2967,138,76,127,11
Seq_2968,137,74,124,13
Seq_2969,143,78,129,14
Seq_2970,105,56,94,11
Seq_2971,128,71,117,11
Seq_2972,128,69,116,12
Seq_2973,147,79,132,15
Seq_2974,115,60,103,12
Seq_2975,126,68,115,11
Seq_2976,129,72,118,11
Seq_2977,132,70,118,14
Seq_2978,126,69,115,11
Seq_2979,149,83,137,12
Seq_2980,125,64,111,14
Seq_2981,136,72,122,14
Seq_2982,134,70,120,14
Seq_2983,116,61,105,11
Seq_2984,130,76,121,9
Seq_2985,121,66,109,12
Seq_2986,134,72,120,14
Seq_2987,108,62,100,8
Seq_2988,122,69,113,9
Seq_2989,116,62,103,13
Seq_2990,101,54,91,10
Seq_2991,128,73,118,10
Seq_2992,107,57,95,12
Seq_2993,118,67,108,10
Seq_2994,129,66,113,16
Seq_2995,137,75,126,11
Seq_2996,102,55,93,9
Seq_2997,102,54,91,11
Seq_2998,94,54,86,8
Seq_2999,120,70,112,8
Seq_3000,119,68,111,8
Seq_3001,111,62,101,10
Seq_3002,125,74,117,8
Seq_3003,113,59,100,13
Seq_3004,148,76,131,17
Seq_3005,154,86,142,12
Seq_3006,141,75,127,14
Seq_3007,126,64,111,15
Seq_3008,127,68,115,12
Seq_3009,132,74,121,11
Seq_3010,150,85,138,12
Seq_3011,118,64,106,12
Seq_3012,139,73,124,15
Seq_3013,136,74,124,12
Seq_3014,132,70,119,13
Seq_3015,128,70,117,11
Seq_3016,119,68,110,9
Seq_3017,137,75,124,13
Seq_3018,144,84,135,9
Seq_3019,129,74,119,10
Seq_3020,151,86,139,12
Seq_3021,131,77,123,8
Seq_3022,128,73,118,10
Seq_3023,101,57,92,9
Seq_3024,143,81,133,10
Seq_3025,134,74,123,11
Seq_3026,130,73,120,10
Seq_3027,136,79,127,9
Seq_3028,129,74,120,9
Seq_3029,136,77,125,11
Seq_3030,129,72,118,11
Seq_3031,127,74,118,9
Seq_3032,137,77,126,11
Seq_3033,130,73,119,11
Seq_3034,128,70,117,11
Seq_3035,141,77,130,11
Seq_3036,134,75,124,10
Seq_3037,114,65,105,9
Seq_3038,134,71,120,14
Seq_3039,153,77,135,18
Seq_3040,142,73,126,16
Seq_3041,134,71,119,15
Seq_3042,133,75,122,11
Seq_3043,146,79,132,14
Seq_3044,137,74,123,14
Seq_3045,142,79,131,11
Seq_3046,116,64,107,9
Seq_3047,131,69,119,12
Seq_3048,114,60,103,11
Seq_3049,118,66,109,9
Seq_3050,107,57,95,12
Seq_3051,118,65,108,10
Seq_3052,102,54,91,11
Seq_3053,128,66,113,15
Seq_3054,141,79,131,10
Seq_3055,136,75,124,12
Seq_3056,131,72,119,12
Seq_3057,140,76,126,14
Seq_3058,136,75,123,13
Seq_3059,123,68,112,11
Seq_3060,142,79,131,11
Seq_3061,103,55,92,11
Seq_3062,135,71,123,12
Seq_3063,137,78,127,10
Seq_3064,110,63,101,9
Seq_3065,97,56,89,8
Seq_3066,98,54,89,9
Seq_3067,125,69,113,12
Seq_3068,124,65,112,12
Seq_3069,116,61,103,13
Seq_3070,122,65,110,12
Seq_3071,131,70,117,14
Seq_3072,123,65,111,12
Seq_3073,127,72,119,8
Seq_3074,123,67,114,9
Seq_3075,126,69,114,12
Seq_3076,127,68,115,12
Seq_3077,115,66,106,9
Seq_3078,135,72,121,14
Seq_3079,124,66,112,12
Seq_3080,142,82,133,9
Seq_3081,143,81,132,11
Seq_3082,135,72,120,15
Seq_3083,130,71,119,11
Seq_3084,149,85,139,10
Seq_3085,121,60,106,15
Seq_3086,118,66,108,10
Seq_3087,124,70,114,10
Seq_3088,133,74,122,11
Seq_3089,119,66,108,11
Seq_3090,128,68,115,13
Seq_3091,142,75,128,14
Seq_3092,139,72,122,17
Seq_3093,146,82,133,13
Seq_3094,117,64,106,11
Seq_3095,142,79,130,12
Seq_3096,131,68,114,17
Seq_3097,119,63,105,14
Seq_3098,133,75,123,10
Seq_3099,124,73,115,9
Seq_3100,139,83,131,8
Seq_3101,131,72,120,11
Seq_3102,103,56,93,10
Seq_3103,129,70,117,12
Seq_3104,131,74,121,10
Seq_3105,120,62,106,14
Seq_3106,124,72,115,9
Seq_3107,153,77,133,20
Seq_3108,141,68,121,20
Seq_3109,148,81,135,13
Seq_3110,130,71,118,12
Seq_3111,137,75,124,13
Seq_3112,139,78,128,11
Seq_3113,140,73,124,16
Seq_3114,153,83,140,13
Seq_3115,126,68,114,12
Seq_3116,129,70,117,12
Seq_3117,116,62,104,12
Seq_3118,147,78,132,15
Seq_3119,136,73,122,14
Seq_3120,156,81,138,18
Seq_3121,155,79,137,18
Seq_3122,134,70,120,14
Seq_3123,136,72,122,14
Seq_3124,143,75,128,15
Seq_3125,158,75,139,19
Seq_3126,159,80,140,19
Seq_3127,140,71,124,16
Seq_3128,141,73,124,17
Seq_3129,133,71,120,13
Seq_3130,123,66,112,11
Seq_3131,124,66,111,13
Seq_3132,123,66,112,11
Seq_3133,129,68,116,13
Seq_3134,115,59,101,14
Seq_3135,127,66,113,14
Seq_3136,141,75,127,14
Seq_3137,143,77,130,13
Seq_3138,130,70,119,11
Seq_3139,148,84,137,11
Seq_3140,139,77,127,12
Seq_3141,134,74,124,10
Seq_3142,146,76,130,16
Seq_3143,142,76,128,14
Seq_3144,143,76,128,15
Seq_3145,139,70,124,15
Seq_3146,153,76,135,18
Seq_3147,153,76,136,17
Seq_3148,133,70,121,12
Seq_3149,135,69,120,15
Seq_3150,126,64,110,16
Seq_3151,148,78,135,13
Seq_3152,145,82,134,11
Seq_3153,137,76,126,11
Seq_3154,139,75,126,13
Seq_3155,139,75,127,12
Seq_3156,140,73,126,14
Seq_3157,148,78,134,14
Seq_3158,148,72,132,16
Seq_3159,123,63,110,13
Seq_3160,122,68,111,11
Seq_3161,146,76,132,14
Seq_3162,139,74,125,14
Seq_3163,161,86,145,16
Seq_3164,138,72,123,15
Seq_3165,122,70,113,9
Seq_3166,138,78,128,10
Seq_3167,134,75,122,12
Seq_3168,142,78,129,13
Seq_3169,150,86,140,10
Seq_3170,135,80,126,9
Seq_3171,105,58,94,11
Seq_3172,143,84,133,10
Seq_3173,140,83,131,9
Seq_3174,138,78,127,11
Seq_3175,121,70,112,9
Seq_3176,126,74,118,8
Seq_3177,146,83,136,10
Seq_3178,137,80,128,9
Seq_3179,119,68,110,9
Seq_3180,120,68,109,11
Seq_3181,134,77,124,10
Seq_3182,131,70,118,13
Seq_3183,133,75,124,9
Seq_3184,158,87,145,13
Seq_3185,148,80,136,12
Seq_3186,139,76,128,11
Seq_3187,150,86,139,11
Seq_3188,159,83,143,16
Seq_3189,126,71,116,10
Seq_3190,139,80,129,10
Seq_3191,141,80,130,11
Seq_3192,137,77,126,11
Seq_3193,156,90,146,10
Seq_3194,129,71,118,11
Seq_3195,129,68,115,14
Seq_3196,138,72,124,14
Seq_3197,134,76,124,10
Seq_3198,155,84,143,12
Seq_3199,151,83,138,13
Seq_3200,143,78,129,14
Seq_3201,121,66,110,11
Seq_3202,119,67,109,10
Seq_3203,139,78,129,10
Seq_3204,136,74,124,12
Seq_3205,116,67,107,9
Seq_3206,153,84,139,14
Seq_3207,146,75,128,18
Seq_3208,156,87,143,13
Seq_3209,153,87,142,11
Seq_3210,147,81,135,12
Seq_3211,151,83,137,14
Seq_3212,147,83,136,11
Seq_3213,132,71,120,12
Seq_3214,145,81,134,11
Seq_3215,147,80,135,12
Seq_3216,159,83,144,15
Seq_3217,138,76,128,10
Seq_3218,145,80,132,13
Seq_3219,137,79,127,10
Seq_3220,150,78,134,16
Seq_3221,131,72,121,10
Seq_3222,145,84,135,10
Seq_3223,146,79,132,14
Seq_3224,159,83,141,18
Seq_3225,147,79,133,14
Seq_3226,148,83,135,13
Seq_3227,143,79,130,13
Seq_3228,130,72,118,12
Seq_3229,144,75,128,16
Seq_3230,136,79,127,9
Seq_3231,126,68,115,11
Seq_3232,150,84,138,12
Seq_3233,133,75,122,11
Seq_3234,142,78,128,14
Seq_3235,121,69,111,10
Seq_3236,128,71,117,11
Seq_3237,141,80,130,11
Seq_3238,134,77,125,9
Seq_3239,143,77,128,15
Seq_3240,143,75,128,15
Seq_3241,130,71,118,12
Seq_3242,143,80,133,10
Seq_3243,140,78,128,12
Seq_3244,135,74,124,11
Seq_3245,146,85,136,10
Seq_3246,160,91,148,12
Seq_3247,163,96,153,10
Seq_3248,155,84,143,12
Seq_3249,149,83,136,13
Seq_3250,145,79,133,12
Seq_3251,146,82,133,13
Seq_3252,100,58,92,8
Seq_3253,137,79,127,10
Seq_3254,150,83,138,12
Seq_3255,139,78,128,11
Seq_3256,112,66,104,8
Seq_3257,147,84,136,11
Seq_3258,137,79,128,9
Seq_3259,151,82,137,14
Seq_3260,137,82,129,8
Seq_3261,155,90,145,10
Seq_3262,124,70,115,9
Seq_3263,143,82,133,10
Seq_3264,136,78,127,9
Seq_3265,163,90,148,15
Seq_3266,171,94,157,14
Seq_3267,133,73,120,13
Seq_3268,126,70,115,11
Seq_3269,131,72,119,12
Seq_3270,131,72,120,11
Seq_3271,133,76,123,10
Seq_3272,137,78,126,11
Seq_3273,139,77,127,12
Seq_3274,143,82,132,11
Seq_3275,148,84,138,10
Seq_3276,165,87,146,19
Seq_3277,142,80,130,12
Seq_3278,129,74,119,10
Seq_3279,152,79,136,16
Seq_3280,146,84,135,11
Seq_3281,152,86,139,13
Seq_3282,151,89,142,9
Seq_3283,126,73,117,9
Seq_3284,129,74,120,9
Seq_3285,150,83,137,13
Seq_3286,131,78,123,8
Seq_3287,139,75,126,13
Seq_3288,160,90,148,12
Seq_3289,149,87,139,10
Seq_3290,138,77,128,10
Seq_3291,139,79,129,10
Seq_3292,148,79,134,14
Seq_3293,141,80,130,11
Seq_3294,138,75,125,13
Seq_3295,151,85,139,12
Seq_3296,139,80,130,9
Seq_3297,143,76,129,14
Seq_3298,143,76,130,13
Seq_3299,146,77,131,15
Seq_3300,146,78,132,14
Seq_3301,143,80,131,12
Seq_3302,115,64,107,8
Seq_3303,133,74,123,10
Seq_3304,137,82,129,8
Seq_3305,147,80,135,12
Seq_3306,146,85,137,9
Seq_3307,134,75,123,11
Seq_3308,128,69,116,12
Seq_3309,148,74,130,18
Seq_3310,143,78,132,11
Seq_3311,138,80,129,9
Seq_3312,147,82,135,12
Seq_3313,134,76,123,11
Seq_3314,156,87,143,13
Seq_3315,152,88,142,10
Seq_3316,149,84,137,12
Seq_3317,145,80,133,12
Seq_3318,136,74,125,11
Seq_3319,152,81,138,14
Seq_3320,137,77,127,10
Seq_3321,144,83,134,10
Seq_3322,142,83,133,9
Seq_3323,138,76,128,10
Seq_3324,132,77,123,9
Seq_3325,140,77,128,12
Seq_3326,150,86,139,11
Seq_3327,126,71,116,10
Seq_3328,130,70,116,14
Seq_3329,139,80,129,10
Seq_3330,144,79,132,12
Seq_3331,136,75,124,12
Seq_3332,139,74,125,14
Seq_3333,143,82,133,10
Seq_3334,134,76,123,11
Seq_3335,137,73,125,12
Seq_3336,129,76,121,8
Seq_3337,134,75,124,10
Seq_3338,128,73,119,9
Seq_3339,155,85,144,11
Seq_3340,151,84,138,13
Seq_3341,154,83,140,14
Seq_3342,132,74,122,10
Seq_3343,146,82,136,10
Seq_3344,144,83,134,10
Seq_3345,144,85,135,9
Seq_3346,157,88,145,12
Seq_3347,127,73,118,9
Seq_3348,147,79,132,15
Seq_3349,138,80,128,10
Seq_3350,144,77,130,14
Seq_3351,143,80,131,12
Seq_3352,138,80,128,10
Seq_3353,145,82,134,11
Seq_3354,146,81,134,12
Seq_3355,147,85,136,11
Seq_3356,151,85,139,12
Seq_3357,144,83,135,9
Seq_3358,155,88,144,11
Seq_3359,126,74,118,8
Seq_3360,129,74,120,9
Seq_3361,153,89,143,10
Seq_3362,147,83,136,11
Seq_3363,150,83,139,11
Seq_3364,152,82,138,14
Seq_3365,144,83,134,10
Seq_3366,151,85,140,11
Seq_3367,136,78,127,9
Seq_3368,140,80,130,10
Seq_3369,136,78,126,10
Seq_3370,140,80,129,11
Seq_3371,143,83,133,10
Seq_3372,143,83,134,9
Seq_3373,168,88,149,19
Seq_3374,163,89,148,15
Seq_3375,158,84,144,14
Seq_3376,154,84,141,13
Seq_3377,157,85,142,15
Seq_3378,155,87,143,12
Seq_3379,159,87,146,13
Seq_3380,123,67,112,11
Seq_3381,158,85,142,16
Seq_3382,139,77,126,13
Seq_3383,124,69,114,10
Seq_3384,133,76,124,9
Seq_3385,147,84,137,10
Seq_3386,152,81,137,15
Seq_3387,138,72,123,15
Seq_3388,149,82,135,14
Seq_3389,158,89,147,11
Seq_3390,158,88,144,14
Seq_3391,137,76,126,11
Seq_3392,156,89,146,10
Seq_3393,143,83,133,10
Seq_3394,156,88,144,12
Seq_3395,139,76,127,12
Seq_3396,158,90,147,11
Seq_3397,155,88,144,11
Seq_3398,149,86,139,10
Seq_3399,146,83,136,10
Seq_3400,143,78,131,12
Seq_3401,156,87,143,13
Seq_3402,151,81,137,14
Seq_3403,138,80,129,9
Seq_3404,132,75,123,9
Seq_3405,163,88,149,14
Seq_3406,135,76,126,9
Seq_3407,148,80,136,12
Seq_3408,119,66,110,9
Seq_3409,145,78,132,13
Seq_3410,151,89,143,8
Seq_3411,150,89,141,9
Seq_3412,152,86,139,13
Seq_3413,156,87,143,13
Seq_3414,123,70,113,10
Seq_3415,118,69,109,9
Seq_3416,113,65,104,9
Seq_3417,133,73,122,11
Seq_3418,142,82,132,10
Seq_3419,132,75,122,10
Seq_3420,124,72,115,9
Seq_3421,133,74,122,11
Seq_3422,130,76,121,9
Seq_3423,147,78,132,15
Seq_3424,144,82,133,11
Seq_3425,148,87,138,10
Seq_3426,148,79,133,15
Seq_3427,149,86,139,10
Seq_3428,136,72,122,14
Seq_3429,144,77,129,15
Seq_3430,148,87,139,9
Seq_3431,143,77,129,14
Seq_3432,110,63,101,9
Seq_3433,133,72,119,14
Seq_3434,153,83,139,14
Seq_3435,151,86,138,13
Seq_3436,128,77,120,8
Seq_3437,139,81,129,10
Seq_3438,124,72,115,9
Seq_3439,128,73,118,10
Seq_3440,131,76,122,9
Seq_3441,133,77,125,8
Seq_3442,149,80,135,14
Seq_3443,135,77,124,11
Seq_3444,131,74,120,11
Seq_3445,149,84,138,11
Seq_3446,138,79,128,10
Seq_3447,142,77,129,13
Seq_3448,124,69,114,10
Seq_3449,121,69,112,9
Seq_3450,132,74,122,10
Seq_3451,130,71,118,12
Seq_3452,129,76,120,9
Seq_3453,120,70,112,8
Seq_3454,147,82,134,13
Seq_3455,137,74,125,12
Seq_3456,152,85,142,10
Seq_3457,154,83,141,13
Seq_3458,157,90,148,9
Seq_3459,141,78,130,11
Seq_3460,159,85,143,16
Seq_3461,121,65,108,13
Seq_3462,137,78,127,10
Seq_3463,130,72,120,10
Seq_3464,131,73,120,11
Seq_3465,138,76,126,12
Seq_3466,121,66,110,11
Seq_3467,128,70,116,12
Seq_3468,128,70,117,11
Seq_3469,145,80,133,12
Seq_3470,137,75,126,11
Seq_3471,126,70,115,11
Seq_3472,137,79,127,10
Seq_3473,136,75,124,12
Seq_3474,133,73,120,13
Seq_3475,124,71,114,10
Seq_3476,124,68,112,12
Seq_3477,130,71,117,13
Seq_3478,135,76,125,10
Seq_3479,139,75,127,12
Seq_3480,143,80,131,12
Seq_3481,141,78,130,11
Seq_3482,128,73,118,10
Seq_3483,138,80,129,9
Seq_3484,143,80,130,13
Seq_3485,127,70,116,11
Seq_3486,128,72,118,10
Seq_3487,141,80,130,11
Seq_3488,143,76,130,13
Seq_3489,143,75,129,14
Seq_3490,147,80,133,14
Seq_3491,156,82,140,16
Seq_3492,132,69,117,15
Seq_3493,141,74,126,15
Seq_3494,132,74,121,11
Seq_3495,130,72,118,12
Seq_3496,139,77,127,12
Seq_3497,145,78,130,15
Seq_3498,122,68,112,10
Seq_3499,146,85,137,9
Seq_3500,140,75,127,13
Seq_3501,147,75,131,16
Seq_3502,151,85,139,12
Seq_3503,142,77,128,14
Seq_3504,161,91,149,12
Seq_3505,151,85,138,13
Seq_3506,134,76,123,11
Seq_3507,129,72,119,10
Seq_3508,141,80,131,10
Seq_3509,154,87,141,13
Seq_3510,134,72,122,12
Seq_3511,147,82,136,11
Seq_3512,133,69,119,14
Seq_3513,141,82,132,9
Seq_3514,122,70,113,9
Seq_3515,139,79,129,10
Seq_3516,151,82,138,13
Seq_3517,137,72,123,14
Seq_3518,166,86,149,17
Seq_3519,130,69,116,14
Seq_3520,146,77,130,16
Seq_3521,138,72,122,16
Seq_3522,165,87,146,19
Seq_3523,156,81,137,19
Seq_3524,158,86,143,15
Seq_3525,146,79,131,15
Seq_3526,149,81,135,14
Seq_3527,150,83,136,14
Seq_3528,128,68,114,14
Seq_3529,136,77,126,10
Seq_3530,141,78,128,13
Seq_3531,111,61,102,9
Seq_3532,118,67,109,9
Seq_3533,134,74,122,12
Seq_3534,146,75,129,17
Seq_3535,146,84,135,11
Seq_3536,140,77,127,13
Seq_3537,130,73,119,11
Seq_3538,132,74,122,10
Seq_3539,137,75,126,11
Seq_3540,133,75,122,11
Seq_3541,123,68,112,11
Seq_3542,136,74,124,12
Seq_3543,135,77,125,10
Seq_3544,122,68,111,11
Seq_3545,121,70,112,9
Seq_3546,136,79,127,9
Seq_3547,146,78,130,16
Seq_3548,133,73,121,12
Seq_3549,149,82,137,12
Seq_3550,154,83,139,15
Seq_3551,161,79,143,18
Seq_3552,155,78,137,18
Seq_3553,137,80,128,9
Seq_3554,135,77,125,10
Seq_3555,152,84,139,13
Seq_3556,134,77,125,9
Seq_3557,156,87,143,13
Seq_3558,142,81,131,11
Seq_3559,151,88,142,9
Seq_3560,163,89,147,16
Seq_3561,147,85,137,10
Seq_3562,145,85,135,10
Seq_3563,154,87,141,13
Seq_3564,151,84,139,12
Seq_3565,142,82,132,10
Seq_3566,137,79,127,10
Seq_3567,145,80,132,13
Seq_3568,146,86,137,9
Seq_3569,140,80,130,10
Seq_3570,141,82,132,9
Seq_3571,163,89,148,15
Seq_3572,157,88,145,12
Seq_3573,159,87,145,14
Seq_3574,146,82,135,11
Seq_3575,147,85,137,10
Seq_3576,149,87,140,9
Seq_3577,156,87,143,13
Seq_3578,140,81,131,9
Seq_3579,147,84,138,9
Seq_3580,121,71,112,9
Seq_3581,139,76,126,13
Seq_3582,140,82,131,9
Seq_3583,132,77,123,9
Seq_3584,135,77,125,10
Seq_3585,138,78,128,10
Seq_3586,141,80,130,11
Seq_3587,131,75,121,10
Seq_3588,141,79,129,12
Seq_3589,143,83,134,9
Seq_3590,138,80,129,9
Seq_3591,147,76,131,16
Seq_3592,130,74,120,10
Seq_3593,158,87,143,15
Seq_3594,150,85,138,12
Seq_3595,160,88,144,16
Seq_3596,131,76,122,9
Seq_3597,146,84,135,11
Seq_3598,132,73,121,11
Seq_3599,133,78,124,9
Seq_3600,149,80,133,16
Seq_3601,134,77,125,9
Seq_3602,152,89,143,9
Seq_3603,151,88,142,9
Seq_3604,128,76,120,8
Seq_3605,152,88,141,11
Seq_3606,137,77,126,11
Seq_3607,157,93,148,9
Seq_3608,154,87,141,13
Seq_3609,140,81,131,9
Seq_3610,151,84,139,12
Seq_3611,134,78,125,9
Seq_3612,154,89,144,10
Seq_3613,159,90,146,13
Seq_3614,141,80,129,12
Seq_3615,150,83,137,13
Seq_3616,162,91,149,13
Seq_3617,147,81,133,14
Seq_3618,151,83,137,14
Seq_3619,157,87,143,14
Seq_3620,151,85,138,13
Seq_3621,144,83,135,9
Seq_3622,149,86,139,10
Seq_3623,143,83,133,10
Seq_3624,132,75,122,10
Seq_3625,143,82,133,10
Seq_3626,125,72,116,9
Seq_3627,134,69,120,14
Seq_3628,133,73,121,12
Seq_3629,159,90,146,13
Seq_3630,141,77,128,13
Seq_3631,129,74,119,10
Seq_3632,141,79,129,12
Seq_3633,135,73,123,12
Seq_3634,142,82,132,10
Seq_3635,145,80,133,12
Seq_3636,146,78,131,15
Seq_3637,149,80,136,13
Seq_3638,142,80,131,11
Seq_3639,144,77,130,14
Seq_3640,137,77,126,11
Seq_3641,128,74,119,9
Seq_3642,137,77,127,10
Seq_3643,158,89,147,11
Seq_3644,140,76,128,12
Seq_3645,151,82,137,14
Seq_3646,125,72,116,9
Seq_3647,148,82,136,12
Seq_3648,154,85,143,11
Seq_3649,133,75,124,9
Seq_3650,149,79,135,14
Seq_3651,128,71,116,12
Seq_3652,131,72,119,12
Seq_3653,132,74,122,10
Seq_3654,145,78,131,14
Seq_3655,137,81,128,9
Seq_3656,150,80,135,15
Seq_3657,146,78,131,15
Seq_3658,127,71,117,10
Seq_3659,133,75,122,11
Seq_3660,138,78,127,11
Seq_3661,140,79,128,12
Seq_3662,161,88,147,14
Seq_3663,134,74,122,12
Seq_3664,144,80,131,13
Seq_3665,127,70,115,12
Seq_3666,153,86,141,12
Seq_3667,152,89,143,9
Seq_3668,138,80,128,10
Seq_3669,143,80,133,10
Seq_3670,132,71,119,13
Seq_3671,144,75,129,15
Seq_3672,144,81,133,11
Seq_3673,139,75,126,13
Seq_3674,141,81,131,10
Seq_3675,124,68,112,12
Seq_3676,126,73,117,9
Seq_3677,126,70,117,9
Seq_3678,155,82,140,15
Seq_3679,129,74,120,9
Seq_3680,147,81,135,12
Seq_3681,139,77,128,11
Seq_3682,142,77,131,11
Seq_3683,129,71,118,11
Seq_3684,144,74,127,17
Seq_3685,145,79,133,12
Seq_3686,130,74,121,9
Seq_3687,147,81,135,12
Seq_3688,155,88,145,10
Seq_3689,140,79,130,10
Seq_3690,136,73,123,13
Seq_3691,143,80,132,11
Seq_3692,142,81,132,10
Seq_3693,136,79,127,9
Seq_3694,145,83,136,9
Seq_3695,150,83,137,13
Seq_3696,116,66,107,9
Seq_3697,145,76,129,16
Seq_3698,157,85,143,14
Seq_3699,126,68,116,10
Seq_3700,136,74,123,13
Seq_3701,137,77,126,11
Seq_3702,146,83,135,11
Seq_3703,154,88,143,11
Seq_3704,137,76,127,10
Seq_3705,118,68,110,8
Seq_3706,127,74,119,8
Seq_3707,144,81,133,11
Seq_3708,146,87,137,9
Seq_3709,139,77,126,13
Seq_3710,131,75,121,10
Seq_3711,154,84,140,14
Seq_3712,139,80,129,10
Seq_3713,149,85,138,11
Seq_3714,139,77,127,12
Seq_3715,139,76,127,12
Seq_3716,144,78,130,14
Seq_3717,150,82,135,15
Seq_3718,149,84,137,12
Seq_3719,125,72,116,9
Seq_3720,126,75,118,8
Seq_3721,126,69,116,10
Seq_3722,144,81,131,13
Seq_3723,143,79,130,13
Seq_3724,152,83,139,13
Seq_3725,156,89,144,12
Seq_3726,153,85,140,13
Seq_3727,139,79,130,9
Seq_3728,147,81,135,12
Seq_3729,138,81,130,8
Seq_3730,156,88,143,13
Seq_3731,149,84,137,12
Seq_3732,140,81,130,10
Seq_3733,141,76,129,12
Seq_3734,142,79,129,13
Seq_3735,154,87,141,13
Seq_3736,137,79,127,10
Seq_3737,141,80,131,10
Seq_3738,140,78,129,11
Seq_3739,124,71,115,9
Seq_3740,135,78,126,9
Seq_3741,149,85,139,10
Seq_3742,134,75,123,11
Seq_3743,155,91,145,10
Seq_3744,128,76,120,8
Seq_3745,137,79,128,9
Seq_3746,150,87,140,10
Seq_3747,157,84,142,15
Seq_3748,150,79,134,16
Seq_3749,153,83,139,14
Seq_3750,137,73,124,13
Seq_3751,153,81,137,16
Seq_3752,147,81,134,13
Seq_3753,140,75,125,15
Seq_3754,110,64,102,8
Seq_3755,127,71,117,10
Seq_3756,111,64,103,8
Seq_3757,135,76,126,9
Seq_3758,132,73,122,10
Seq_3759,110,62,102,8
Seq_3760,139,81,130,9
Seq_3761,118,64,108,10
Seq_3762,143,74,128,15
Seq_3763,141,82,132,9
Seq_3764,139,75,126,13
Seq_3765,146,79,133,13
Seq_3766,137,78,128,9
Seq_3767,154,83,141,13
Seq_3768,143,79,132,11
Seq_3769,132,74,121,11
Seq_3770,137,75,126,11
Seq_3771,143,75,130,13
Seq_3772,148,79,133,15
Seq_3773,120,66,109,11
Seq_3774,142,77,128,14
Seq_3775,123,70,114,9
Seq_3776,143,73,128,15
Seq_3777,147,80,133,14
Seq_3778,149,84,137,12
Seq_3779,155,86,144,11
Seq_3780,153,82,139,14
Seq_3781,155,80,137,18
Seq_3782,147,86,138,9
Seq_3783,129,76,121,8
Seq_3784,135,78,126,9
Seq_3785,141,81,132,9
Seq_3786,140,77,129,11
Seq_3787,150,84,140,10
Seq_3788,134,75,123,11
Seq_3789,129,72,118,11
Seq_3790,147,86,138,9
Seq_3791,140,80,130,10
Seq_3792,146,79,133,13
Seq_3793,160,87,146,14
Seq_3794,139,74,125,14
Seq_3795,136,70,121,15
Seq_3796,126,73,117,9
Seq_3797,140,74,126,14
Seq_3798,137,73,124,13
Seq_3799,139,78,129,10
Seq_3800,131,72,120,11
Seq_3801,143,79,131,12
Seq_3802,133,66,117,16
Seq_3803,148,78,134,14
Seq_3804,128,67,114,14
Seq_3805,129,71,118,11
Seq_3806,138,78,128,10
Seq_3807,152,84,140,12
Seq_3808,136,73,125,11
Seq_3809,125,72,116,9
Seq_3810,147,80,133,14
Seq_3811,141,74,126,15
Seq_3812,143,77,129,14
Seq_3813,137,75,124,13
Seq_3814,138,72,123,15
Seq_3815,169,84,150,19
Seq_3816,125,68,113,12
Seq_3817,136,72,122,14
Seq_3818,153,84,139,14
Seq_3819,135,74,123,12
Seq_3820,123,70,114,9
Seq_3821,130,71,118,12
Seq_3822,139,74,127,12
Seq_3823,130,75,121,9
Seq_3824,146,78,133,13
Seq_3825,131,67,117,14
Seq_3826,144,77,130,14
Seq_3827,123,69,113,10
Seq_3828,160,86,145,15
Seq_3829,154,84,139,15
Seq_3830,139,70,125,14
Seq_3831,152,80,137,15
Seq_3832,133,73,121,12
Seq_3833,127,68,114,13
Seq_3834,130,69,117,13
Seq_3835,142,77,129,13
Seq_3836,148,77,132,16
Seq_3837,146,78,131,15
Seq_3838,137,73,122,15
Seq_3839,128,67,117,11
Seq_3840,138,73,124,14
Seq_3841,136,71,121,15
Seq_3842,113,64,104,9
Seq_3843,146,81,133,13
Seq_3844,136,78,126,10
Seq_3845,127,71,116,11
Seq_3846,120,68,110,10
Seq_3847,141,79,129,12
Seq_3848,135,73,123,12
Seq_3849,152,74,132,20
Seq_3850,130,71,118,12
Seq_3851,144,78,130,14
Seq_3852,137,78,127,10
Seq_3853,160,92,149,11
Seq_3854,145,76,131,14
Seq_3855,143,78,130,13
Seq_3856,136,74,123,13
Seq_3857,142,81,132,10
Seq_3858,151,83,137,14
Seq_3859,147,84,137,10
Seq_3860,143,81,133,10
Seq_3861,145,83,134,11
Seq_3862,135,77,125,10
Seq_3863,149,81,135,14
Seq_3864,150,83,138,12
Seq_3865,119,66,108,11
Seq_3866,144,76,130,14
Seq_3867,139,73,124,15
Seq_3868,135,71,120,15
Seq_3869,146,81,133,13
Seq_3870,150,88,141,9
Seq_3871,143,81,132,11
Seq_3872,140,76,126,14
Seq_3873,120,67,110,10
Seq_3874,141,74,126,15
Seq_3875,144,80,132,12
Seq_3876,130,64,114,16
Seq_3877,145,78,132,13
Seq_3878,127,69,116,11
Seq_3879,135,73,124,11
Seq_3880,148,85,138,10
Seq_3881,122,66,112,10
Seq_3882,138,75,125,13
Seq_3883,127,69,117,10
Seq_3884,140,74,127,13
Seq_3885,146,74,129,17
Seq_3886,131,68,117,14
Seq_3887,135,70,122,13
Seq_3888,144,77,130,14
Seq_3889,133,75,122,11
Seq_3890,124,67,112,12
Seq_3891,131,73,121,10
Seq_3892,132,66,116,16
Seq_3893,124,68,113,11
Seq_3894,142,80,131,11
Seq_3895,138,71,123,15
Seq_3896,137,77,126,11
Seq_3897,118,61,104,14
Seq_3898,125,64,111,14
Seq_3899,142,77,130,12
Seq_3900,142,81,132,10
Seq_3901,145,78,132,13
Seq_3902,145,79,133,12
Seq_3903,145,79,133,12
Seq_3904,139,76,127,12
Seq_3905,142,79,131,11
Seq_3906,130,76,121,9
Seq_3907,143,76,130,13
Seq_3908,142,76,128,14
Seq_3909,151,86,140,11
Seq_3910,128,69,117,11
Seq_3911,146,75,131,15
Seq_3912,152,81,136,16
Seq_3913,150,78,134,16
Seq_3914,150,79,135,15
Seq_3915,132,68,117,15
Seq_3916,141,76,128,13
Seq_3917,151,82,138,13
Seq_3918,106,60,98,8
Seq_3919,122,67,113,9
Seq_3920,137,73,125,12
Seq_3921,126,71,116,10
Seq_3922,125,65,112,13
Seq_3923,124,68,113,11
Seq_3924,133,74,122,11
Seq_3925,140,75,127,13
Seq_3926,122,66,110,12
Seq_3927,137,77,127,10
Seq_3928,139,70,122,17
Seq_3929,162,89,150,12
Seq_3930,137,75,126,11
Seq_3931,137,70,123,14
Seq_3932,139,73,126,13
Seq_3933,124,65,113,11
Seq_3934,145,85,136,9
Seq_3935,147,78,133,14
Seq_3936,127,69,117,10
Seq_3937,128,66,114,14
Seq_3938,146,83,136,10
Seq_3939,118,66,109,9
Seq_3940,143,78,131,12
Seq_3941,156,81,140,16
Seq_3942,149,81,135,14
Seq_3943,133,74,123,10
Seq_3944,153,80,137,16
Seq_3945,152,87,142,10
Seq_3946,149,80,135,14
Seq_3947,154,85,141,13
Seq_3948,128,67,115,13
Seq_3949,141,77,130,11
Seq_3950,135,75,124,11
Seq_3951,133,76,122,11
Seq_3952,120,69,112,8
Seq_3953,148,78,134,14
Seq_3954,139,74,125,14
Seq_3955,110,58,99,11
Seq_3956,107,57,95,12
Seq_3957,115,64,107,8
Seq_3958,141,75,129,12
Seq_3959,121,67,111,10
Seq_3960,132,75,122,10
Seq_3961,105,56,94,11
Seq_3962,123,67,113,10
Seq_3963,131,68,116,15
Seq_3964,145,76,130,15
Seq_3965,151,80,137,14
Seq_3966,131,75,122,9
Seq_3967,157,82,142,15
Seq_3968,144,79,133,11
Seq_3969,154,80,138,16
Seq_3970,122,68,113,9
Seq_3971,163,88,149,14
Seq_3972,149,81,136,13
Seq_3973,141,77,130,11
Seq_3974,119,70,111,8
Seq_3975,144,81,134,10
Seq_3976,112,62,103,9
Seq_3977,130,76,122,8
Seq_3978,148,78,132,16
Seq_3979,133,78,125,8
Seq_3980,138,80,129,9
Seq_3981,146,82,134,12
Seq_3982,144,82,136,8
Seq_3983,151,78,136,15
Seq_3984,139,74,126,13
Seq_3985,139,77,127,12
Seq_3986,122,65,111,11
Seq_3987,145,79,132,13
Seq_3988,145,73,129,16
Seq_3989,148,82,136,12
Seq_3990,132,71,121,11
Seq_3991,142,76,130,12
Seq_3992,142,75,130,12
Seq_3993,145,77,132,13
Seq_3994,157,90,147,10
Seq_3995,125,68,115,10
Seq_3996,137,73,126,11
Seq_3997,141,80,131,10
Seq_3998,154,82,141,13
Seq_3999,139,72,126,13
Seq_4000,135,73,123,12
Seq_4001,121,66,111,10
Seq_4002,118,61,107,11
Seq_4003,136,76,126,10
Seq_4004,142,82,133,9
Seq_4005,135,71,122,13
Seq_4006,135,76,126,9
Seq_4007,133,71,122,11
Seq_4008,108,62,100,8
Seq_4009,126,64,112,14
Seq_4010,139,76,127,12
Seq_4011,140,76,129,11
Seq_4012,139,75,127,12
Seq_4013,143,79,132,11
Seq_4014,148,79,134,14
Seq_4015,115,66,107,8
Seq_4016,127,68,116,11
Seq_4017,140,74,127,13
Seq_4018,151,79,136,15
Seq_4019,132,72,119,13
Seq_4020,135,73,122,13
Seq_4021,141,82,132,9
Seq_4022,129,76,121,8
Seq_4023,137,77,127,10
Seq_4024,128,71,118,10
Seq_4025,147,80,135,12
Seq_4026,134,74,123,11
Seq_4027,140,82,132,8
Seq_4028,134,77,125,9
Seq_4029,144,74,128,16
Seq_4030,142,80,132,10
Seq_4031,138,74,125,13
Seq_4032,159,83,143,16
Seq_4033,123,68,113,10
Seq_4034,140,76,127,13
Seq_4035,145,78,131,14
Seq_4036,147,81,133,14
Seq_4037,134,74,122,12
Seq_4038,131,75,121,10
Seq_4039,143,81,133,10
Seq_4040,147,82,134,13
Seq_4041,146,80,133,13
Seq_4042,124,65,110,14
Seq_4043,157,85,143,14
Seq_4044,138,71,122,16
Seq_4045,124,68,113,11
Seq_4046,129,70,117,12
Seq_4047,123,64,110,13
Seq_4048,148,79,133,15
Seq_4049,139,79,128,11
Seq_4050,132,75,122,10
Seq_4051,143,78,132,11
Seq_4052,128,69,116,12
Seq_4053,129,72,119,10
Seq_4054,125,71,115,10
Seq_4055,144,78,130,14
Seq_4056,130,71,118,12
Seq_4057,152,85,141,11
Seq_4058,147,78,134,13
Seq_4059,135,73,122,13
Seq_4060,153,85,140,13
Seq_4061,121,67,111,10
Seq_4062,154,81,141,13
Seq_4063,144,78,131,13
Seq_4064,154,85,140,14
Seq_4065,149,79,134,15
Seq_4066,137,74,123,14
Seq_4067,138,71,120,18
Seq_4068,132,73,120,12
Seq_4069,163,89,149,14
Seq_4070,127,68,113,14
Seq_4071,101,55,92,9
Seq_4072,135,75,125,10
Seq_4073,150,82,137,13
Seq_4074,135,71,121,14
Seq_4075,138,80,129,9
Seq_4076,141,79,129,12
Seq_4077,141,74,128,13
Seq_4078,135,74,122,13
Seq_4079,115,62,103,12
Seq_4080,140,75,128,12
Seq_4081,155,82,139,16
Seq_4082,134,72,121,13
Seq_4083,149,82,137,12
Seq_4084,153,81,137,16
Seq_4085,158,92,148,10
Seq_4086,151,84,140,11
Seq_4087,126,70,115,11
Seq_4088,158,88,145,13
Seq_4089,155,83,139,16
Seq_4090,134,76,123,11
Seq_4091,152,88,142,10
Seq_4092,142,80,130,12
Seq_4093,140,78,128,12
Seq_4094,135,75,123,12
Seq_4095,135,78,125,10
Seq_4096,135,76,124,11
Seq_4097,143,80,131,12
Seq_4098,139,80,129,10
Seq_4099,132,74,121,11
Seq_4100,126,69,114,12
Seq_4101,148,84,137,11
Seq_4102,139,74,126,13
Seq_4103,135,74,124,11
Seq_4104,140,76,128,12
Seq_4105,149,81,136,13
Seq_4106,128,68,117,11
Seq_4107,146,75,131,15
Seq_4108,140,72,126,14
Seq_4109,141,77,130,11
Seq_4110,142,80,132,10
Seq_4111,136,72,121,15
Seq_4112,132,71,119,13
Seq_4113,153,81,138,15
Seq_4114,128,70,116,12
Seq_4115,157,86,143,14
Seq_4116,149,80,135,14
Seq_4117,153,80,136,17
Seq_4118,141,77,128,13
Seq_4119,153,80,137,16
Seq_4120,149,79,134,15
Seq_4121,146,76,131,15
Seq_4122,167,89,151,16
Seq_4123,130,72,120,10
Seq_4124,140,76,129,11
Seq_4125,125,67,113,12
Seq_4126,130,70,117,13
Seq_4127,122,62,107,15
Seq_4128,144,75,129,15
Seq_4129,147,75,131,16
Seq_4130,139,79,129,10
Seq_4131,155,84,140,15
Seq_4132,141,79,130,11
Seq_4133,127,66,113,14
Seq_4134,135,74,125,10
Seq_4135,126,71,116,10
Seq_4136,128,69,116,12
Seq_4137,134,77,124,10
Seq_4138,148,80,135,13
Seq_4139,144,77,132,12
Seq_4140,133,73,121,12
Seq_4141,150,83,139,11
Seq_4142,144,84,134,10
Seq_4143,149,83,137,12
Seq_4144,132,75,122,10
Seq_4145,138,74,125,13
Seq_4146,138,73,124,14
Seq_4147,130,69,117,13
Seq_4148,163,86,145,18
Seq_4149,148,75,132,16
Seq_4150,160,83,145,15
Seq_4151,138,78,127,11
Seq_4152,152,87,141,11
Seq_4153,125,67,113,12
Seq_4154,145,82,134,11
Seq_4155,147,85,137,10
Seq_4156,149,78,134,15
Seq_4157,149,85,137,12
Seq_4158,130,72,120,10
Seq_4159,149,80,137,12
Seq_4160,163,90,150,13
Seq_4161,136,73,125,11
Seq_4162,136,74,124,12
Seq_4163,115,65,106,9
Seq_4164,154,88,143,11
Seq_4165,129,74,119,10
Seq_4166,120,65,109,11
Seq_4167,126,69,114,12
Seq_4168,127,68,115,12
Seq_4169,119,67,109,10
Seq_4170,123,69,113,10
Seq_4171,118,65,108,10
Seq_4172,138,76,126,12
Seq_4173,128,72,119,9
Seq_4174,130,70,116,14
Seq_4175,143,77,128,15
Seq_4176,123,68,114,9
Seq_4177,131,71,119,12
Seq_4178,138,73,126,12
Seq_4179,131,75,122,9
Seq_4180,137,66,118,19
Seq_4181,119,63,108,11
Seq_4182,151,82,138,13
Seq_4183,132,75,122,10
Seq_4184,136,75,125,11
Seq_4185,125,65,114,11
Seq_4186,137,73,126,11
Seq_4187,142,81,132,10
Seq_4188,126,68,114,12
Seq_4189,128,73,118,10
Seq_4190,127,70,116,11
Seq_4191,122,64,110,12
Seq_4192,131,70,118,13
Seq_4193,123,66,111,12
Seq_4194,146,80,134,12
Seq_4195,135,72,123,12
Seq_4196,121,66,110,11
Seq_4197,133,69,119,14
Seq_4198,145,80,133,12
Seq_4199,153,82,138,15
Seq_4200,138,75,126,12
Seq_4201,143,76,128,15
Seq_4202,136,76,126,10
Seq_4203,133,74,123,10
Seq_4204,126,69,115,11
Seq_4205,136,71,122,14
Seq_4206,148,75,130,18
Seq_4207,138,76,126,12
Seq_4208,133,74,122,11
Seq_4209,148,81,135,13
Seq_4210,132,71,119,13
Seq_4211,134,74,122,12
Seq_4212,132,67,117,15
Seq_4213,132,71,119,13
Seq_4214,115,59,101,14
Seq_4215,133,71,121,12
Seq_4216,133,70,119,14
Seq_4217,128,66,114,14
Seq_4218,113,61,102,11
Seq_4219,124,72,115,9
Seq_4220,111,65,103,8
Seq_4221,125,73,117,8
Seq_4222,121,68,112,9
Seq_4223,123,68,113,10
Seq_4224,114,65,105,9
Seq_4225,136,78,126,10
Seq_4226,136,75,125,11
Seq_4227,111,62,103,8
Seq_4228,123,65,111,12
Seq_4229,132,71,121,11
Seq_4230,132,72,121,11
Seq_4231,107,58,97,10
Seq_4232,128,73,119,9
Seq_4233,149,76,132,17
Seq_4234,137,70,122,15
Seq_4235,133,69,119,14
Seq_4236,143,77,130,13
Seq_4237,143,76,129,14
Seq_4238,120,68,111,9
Seq_4239,129,73,119,10
Seq_4240,134,76,124,10
Seq_4241,137,78,128,9
Seq_4242,139,77,128,11
Seq_4243,155,88,144,11
Seq_4244,137,76,126,11
Seq_4245,145,82,134,11
Seq_4246,136,74,125,11
Seq_4247,123,67,112,11
Seq_4248,134,71,120,14
Seq_4249,154,84,139,15
Seq_4250,136,77,125,11
Seq_4251,148,81,135,13
Seq_4252,135,74,122,13
Seq_4253,146,82,136,10
Seq_4254,130,69,118,12
Seq_4255,135,75,124,11
Seq_4256,145,79,132,13
Seq_4257,137,73,125,12
Seq_4258,148,87,139,9
Seq_4259,133,76,124,9
Seq_4260,143,77,130,13
Seq_4261,138,73,125,13
Seq_4262,133,72,121,12
Seq_4263,146,74,129,17
Seq_4264,131,71,119,12
Seq_4265,127,72,117,10
Seq_4266,120,62,107,13
Seq_4267,119,64,108,11
Seq_4268,154,83,142,12
Seq_4269,137,71,122,15
Seq_4270,155,82,141,14
Seq_4271,127,74,119,8
Seq_4272,147,79,132,15
Seq_4273,134,73,124,10
Seq_4274,128,73,119,9
Seq_4275,138,74,126,12
Seq_4276,138,74,125,13
Seq_4277,125,65,111,14
Seq_4278,128,71,117,11
Seq_4279,142,78,131,11
Seq_4280,139,76,126,13
Seq_4281,131,72,119,12
Seq_4282,136,74,124,12
Seq_4283,137,75,126,11
Seq_4284,123,65,110,13
Seq_4285,137,72,122,15
Seq_4286,134,72,121,13
Seq_4287,123,69,114,9
Seq_4288,145,83,135,10
Seq_4289,153,83,140,13
Seq_4290,140,76,128,12
Seq_4291,142,81,132,10
Seq_4292,124,64,110,14
Seq_4293,120,66,111,9
Seq_4294,126,71,116,10
Seq_4295,111,62,103,8
Seq_4296,133,70,120,13
Seq_4297,128,70,117,11
Seq_4298,146,77,134,12
Seq_4299,134,73,124,10
Seq_4300,116,64,106,10
Seq_4301,108,60,100,8
Seq_4302,123,70,114,9
Seq_4303,127,70,117,10
Seq_4304,118,61,105,13
Seq_4305,115,63,106,9
Seq_4306,115,63,106,9
Seq_4307,141,81,133,8
Seq_4308,129,69,117,12
Seq_4309,138,73,125,13
Seq_4310,143,78,129,14
Seq_4311,137,69,124,13
Seq_4312,130,72,119,11
Seq_4313,138,80,129,9
Seq_4314,138,77,128,10
Seq_4315,138,76,127,11
Seq_4316,122,66,111,11
Seq_4317,140,78,129,11
Seq_4318,123,70,114,9
Seq_4319,151,88,141,10
Seq_4320,134,75,124,10
Seq_4321,145,85,136,9
Seq_4322,140,76,128,12
Seq_4323,126,69,117,9
Seq_4324,143,80,133,10
Seq_4325,135,73,123,12
Seq_4326,143,75,129,14
Seq_4327,130,65,115,15
Seq_4328,144,77,130,14
Seq_4329,94,52,85,9
Seq_4330,105,60,97,8
Seq_4331,120,65,110,10
Seq_4332,113,64,105,8
Seq_4333,138,72,123,15
Seq_4334,127,69,117,10
Seq_4335,145,76,130,15
Seq_4336,111,64,103,8
Seq_4337,142,82,132,10
Seq_4338,148,80,133,15
Seq_4339,149,77,132,17
Seq_4340,120,70,112,8
Seq_4341,135,76,124,11
Seq_4342,132,72,119,13
Seq_4343,130,69,119,11
Seq_4344,142,80,131,11
Seq_4345,145,82,134,11
Seq_4346,144,78,131,13
Seq_4347,149,76,135,14
Seq_4348,142,80,131,11
Seq_4349,136,72,122,14
Seq_4350,134,70,120,14
Seq_4351,147,80,133,14
Seq_4352,127,70,116,11
Seq_4353,134,76,124,10
Seq_4354,141,75,127,14
Seq_4355,126,68,114,12
Seq_4356,156,89,145,11
Seq_4357,150,84,139,11
Seq_4358,141,77,129,12
Seq_4359,142,76,131,11
Seq_4360,154,79,139,15
Seq_4361,134,71,121,13
Seq_4362,155,85,141,14
Seq_4363,117,63,106,11
Seq_4364,136,75,124,12
Seq_4365,139,70,123,16
Seq_4366,135,68,119,16
Seq_4367,154,82,140,14
Seq_4368,151,81,137,14
Seq_4369,127,74,118,9
Seq_4370,138,75,125,13
Seq_4371,130,69,117,13
Seq_4372,125,68,114,11
Seq_4373,129,70,116,13
Seq_4374,114,62,102,12
Seq_4375,141,78,129,12
Seq_4376,121,64,108,13
Seq_4377,103,60,95,8
Seq_4378,116,66,107,9
Seq_4379,136,80,127,9
Seq_4380,144,81,132,12
Seq_4381,122,62,108,14
Seq_4382,135,74,123,12
Seq_4383,132,77,124,8
Seq_4384,139,76,127,12
Seq_4385,123,66,111,12
Seq_4386,126,68,114,12
Seq_4387,135,72,121,14
Seq_4388,119,62,106,13
Seq_4389,122,63,108,14
Seq_4390,136,72,123,13
Seq_4391,134,75,124,10
Seq_4392,132,72,120,12
Seq_4393,144,79,132,12
Seq_4394,121,66,110,11
Seq_4395,152,90,143,9
Seq_4396,143,80,133,10
Seq_4397,151,86,140,11
Seq_4398,154,91,145,9
Seq_4399,135,77,125,10
Seq_4400,128,71,116,12
Seq_4401,141,84,133,8
Seq_4402,138,76,126,12
Seq_4403,135,76,124,11
Seq_4404,152,84,140,12
Seq_4405,159,83,145,14
Seq_4406,127,74,119,8
Seq_4407,139,72,124,15
Seq_4408,153,84,139,14
Seq_4409,148,86,138,10
Seq_4410,139,75,128,11
Seq_4411,134,76,124,10
Seq_4412,146,79,132,14
Seq_4413,150,82,137,13
Seq_4414,124,71,115,9
Seq_4415,136,75,125,11
Seq_4416,155,85,142,13
Seq_4417,140,73,127,13
Seq_4418,128,72,118,10
Seq_4419,144,84,135,9
Seq_4420,152,88,143,9
Seq_4421,153,92,145,8
Seq_4422,132,76,123,9
Seq_4423,128,74,119,9
Seq_4424,151,88,142,9
Seq_4425,132,76,123,9
Seq_4426,146,81,134,12
Seq_4427,144,80,132,12
Seq_4428,140,74,127,13
Seq_4429,148,82,135,13
Seq_4430,137,76,127,10
Seq_4431,134,77,125,9
Seq_4432,126,71,116,10
Seq_4433,146,78,132,14
Seq_4434,143,78,131,12
Seq_4435,154,84,141,13
Seq_4436,129,70,119,10
Seq_4437,132,68,119,13
Seq_4438,142,77,130,12
Seq_4439,138,74,126,12
Seq_4440,138,74,126,12
Seq_4441,151,85,140,11
Seq_4442,133,70,119,14
Seq_4443,134,70,122,12
Seq_4444,153,86,141,12
Seq_4445,142,77,130,12
Seq_4446,134,72,122,12
Seq_4447,139,77,129,10
Seq_4448,125,67,112,13
Seq_4449,143,78,130,13
Seq_4450,130,67,116,14
Seq_4451,120,63,108,12
Seq_4452,151,84,139,12
Seq_4453,125,68,114,11
Seq_4454,115,62,105,10
Seq_4455,131,72,120,11
Seq_4456,125,68,114,11
Seq_4457,136,76,125,11
Seq_4458,120,68,111,9
Seq_4459,136,74,124,12
Seq_4460,122,65,111,11
Seq_4461,151,81,138,13
Seq_4462,109,62,101,8
Seq_4463,115,66,107,8
Seq_4464,147,82,135,12
Seq_4465,139,75,127,12
Seq_4466,136,76,126,10
Seq_4467,144,75,131,13
Seq_4468,146,81,134,12
Seq_4469,132,71,119,13
Seq_4470,121,68,112,9
Seq_4471,129,72,119,10
Seq_4472,142,79,132,10
Seq_4473,131,74,121,10
Seq_4474,125,68,114,11
Seq_4475,148,81,137,11
Seq_4476,144,79,133,11
Seq_4477,143,79,131,12
Seq_4478,122,67,112,10
Seq_4479,131,74,121,10
Seq_4480,156,88,145,11
Seq_4481,141,73,125,16
Seq_4482,152,84,139,13
Seq_4483,143,80,132,11
Seq_4484,118,65,108,10
Seq_4485,147,80,136,11
Seq_4486,133,68,118,15
Seq_4487,148,80,134,14
Seq_4488,114,66,105,9
Seq_4489,113,66,105,8
Seq_4490,110,64,102,8
Seq_4491,141,83,132,9
Seq_4492,130,74,120,10
Seq_4493,132,73,121,11
Seq_4494,132,69,118,14
Seq_4495,130,72,119,11
Seq_4496,131,73,121,10
Seq_4497,150,79,135,15
Seq_4498,127,68,115,12
Seq_4499,141,78,128,13
Seq_4500,136,74,122,14
Seq_4501,127,66,113,14
Seq_4502,108,62,100,8
Seq_4503,132,74,121,11
Seq_4504,147,83,136,11
Seq_4505,128,74,118,10
Seq_4506,133,79,124,9
Seq_4507,138,79,128,10
Seq_4508,145,80,132,13
Seq_4509,137,75,126,11
Seq_4510,142,80,131,11
Seq_4511,128,72,117,11
Seq_4512,134,72,121,13
Seq_4513,126,74,118,8
Seq_4514,143,74,127,16
Seq_4515,143,74,127,16
Seq_4516,129,71,118,11
Seq_4517,151,82,136,15
Seq_4518,132,77,124,8
Seq_4519,141,73,126,15
Seq_4520,144,80,134,10
Seq_4521,150,79,135,15
Seq_4522,140,78,130,10
Seq_4523,125,69,114,11
Seq_4524,135,78,125,10
Seq_4525,151,80,134,17
Seq_4526,144,80,133,11
Seq_4527,144,78,130,14
Seq_4528,145,83,134,11
Seq_4529,129,70,118,11
Seq_4530,134,75,124,10
Seq_4531,136,78,126,10
Seq_4532,120,66,109,11
Seq_4533,147,81,134,13
Seq_4534,149,85,138,11
Seq_4535,125,72,116,9
Seq_4536,151,76,134,17
Seq_4537,135,74,122,13
Seq_4538,144,84,135,9
Seq_4539,135,76,124,11
Seq_4540,145,75,129,16
Seq_4541,133,74,122,11
Seq_4542,136,75,124,12
Seq_4543,144,78,131,13
Seq_4544,128,67,115,13
Seq_4545,140,72,124,16
Seq_4546,143,74,127,16
Seq_4547,146,76,130,16
Seq_4548,137,78,126,11
Seq_4549,155,83,140,15
Seq_4550,158,89,148,10
Seq_4551,134,73,122,12
Seq_4552,147,82,135,12
Seq_4553,113,63,103,10
Seq_4554,138,70,123,15
Seq_4555,146,80,132,14
Seq_4556,151,87,141,10
Seq_4557,148,82,136,12
Seq_4558,127,66,114,13
Seq_4559,131,72,119,12
Seq_4560,109,60,99,10
Seq_4561,140,81,131,9
Seq_4562,151,84,140,11
Seq_4563,139,76,127,12
Seq_4564,150,86,139,11
Seq_4565,152,81,137,15
Seq_4566,139,75,125,14
Seq_4567,150,84,138,12
Seq_4568,144,78,131,13
Seq_4569,141,74,126,15
Seq_4570,132,72,119,13
Seq_4571,144,76,128,16
Seq_4572,137,76,125,12
Seq_4573,136,72,122,14
Seq_4574,140,76,126,14
Seq_4575,99,58,91,8
Seq_4576,127,73,118,9
Seq_4577,131,72,120,11
Seq_4578,124,67,113,11
Seq_4579,122,70,113,9
Seq_4580,131,75,121,10
Seq_4581,120,69,111,9
Seq_4582,122,71,114,8
Seq_4583,138,78,128,10
Seq_4584,142,78,128,14
Seq_4585,124,70,115,9
Seq_4586,128,70,118,10
Seq_4587,98,56,90,8
Seq_4588,124,67,113,11
Seq_4589,125,67,112,13
Seq_4590,115,68,107,8
Seq_4591,141,79,128,13
Seq_4592,150,85,138,12
Seq_4593,134,75,123,11
Seq_4594,140,76,127,13
Seq_4595,141,77,128,13
Seq_4596,129,68,114,15
Seq_4597,151,76,136,15
Seq_4598,149,80,136,13
Seq_4599,127,74,118,9
Seq_4600,147,84,137,10
Seq_4601,136,81,127,9
Seq_4602,144,80,132,12
Seq_4603,151,84,138,13
Seq_4604,140,77,127,13
Seq_4605,123,68,112,11
Seq_4606,142,81,131,11
Seq_4607,156,92,147,9
Seq_4608,127,74,119,8
Seq_4609,127,73,117,10
Seq_4610,136,76,125,11
Seq_4611,147,81,134,13
Seq_4612,148,81,135,13
Seq_4613,116,66,108,8
Seq_4614,143,83,134,9
Seq_4615,142,79,130,12
Seq_4616,141,80,132,9
Seq_4617,125,70,114,11
Seq_4618,143,82,132,11
Seq_4619,130,72,119,11
Seq_4620,134,76,124,10
Seq_4621,152,85,140,12
Seq_4622,149,82,135,14
Seq_4623,142,82,132,10
Seq_4624,144,83,135,9
Seq_4625,136,80,127,9
Seq_4626,150,84,138,12
Seq_4627,151,85,139,12
Seq_4628,142,76,129,13
Seq_4629,140,82,132,8
Seq_4630,138,77,126,12
Seq_4631,153,89,141,12
Seq_4632,146,84,137,9
Seq_4633,153,87,142,11
Seq_4634,147,80,135,12
Seq_4635,136,76,125,11
Seq_4636,136,75,125,11
Seq_4637,134,77,124,10
Seq_4638,146,82,134,12
Seq_4639,138,72,122,16
Seq_4640,136,74,123,13
Seq_4641,146,80,134,12
Seq_4642,134,77,124,10
Seq_4643,139,80,129,10
Seq_4644,146,84,135,11
Seq_4645,156,88,143,13
Seq_4646,141,78,129,12
Seq_4647,137,77,126,11
Seq_4648,145,82,135,10
Seq_4649,150,87,140,10
Seq_4650,133,76,124,9
Seq_4651,131,72,121,10
Seq_4652,126,74,118,8
Seq_4653,137,78,127,10
Seq_4654,130,76,121,9
Seq_4655,119,68,110,9
Seq_4656,121,68,112,9
Seq_4657,157,89,146,11
Seq_4658,141,78,129,12
Seq_4659,140,72,126,14
Seq_4660,141,78,129,12
Seq_4661,119,69,110,9
Seq_4662,161,80,141,20
Seq_4663,152,86,139,13
Seq_4664,130,71,118,12
Seq_4665,123,71,114,9
Seq_4666,153,89,143,10
Seq_4667,131,68,117,14
Seq_4668,143,82,133,10
Seq_4669,146,79,133,13
Seq_4670,134,75,125,9
Seq_4671,138,71,122,16
Seq_4672,133,74,123,10
Seq_4673,146,81,135,11
Seq_4674,130,72,119,11
Seq_4675,144,81,134,10
Seq_4676,147,81,136,11
Seq_4677,151,86,141,10
Seq_4678,141,80,131,10
Seq_4679,130,73,120,10
Seq_4680,138,74,125,13
Seq_4681,129,73,119,10
Seq_4682,137,75,124,13
Seq_4683,143,78,129,14
Seq_4684,153,86,140,13
Seq_4685,139,76,128,11
Seq_4686,134,77,124,10
Seq_4687,139,76,127,12
Seq_4688,142,78,130,12
Seq_4689,125,68,113,12
Seq_4690,152,83,138,14
Seq_4691,135,76,125,10
Seq_4692,155,85,142,13
Seq_4693,151,79,136,15
Seq_4694,156,91,146,10
Seq_4695,149,78,134,15
Seq_4696,142,78,130,12
Seq_4697,140,78,128,12
Seq_4698,131,71,118,13
Seq_4699,106,58,96,10
Seq_4700,138,78,128,10
Seq_4701,143,79,131,12
Seq_4702,128,69,116,12
Seq_4703,144,79,132,12
Seq_4704,126,73,117,9
Seq_4705,136,80,128,8
Seq_4706,131,74,121,10
Seq_4707,138,79,129,9
Seq_4708,142,81,132,10
Seq_4709,127,72,118,9
Seq_4710,147,83,136,11
Seq_4711,140,75,126,14
Seq_4712,151,86,141,10
Seq_4713,139,78,128,11
Seq_4714,138,79,128,10
Seq_4715,122,67,111,11
Seq_4716,138,77,126,12
Seq_4717,139,70,123,16
Seq_4718,135,68,119,16
Seq_4719,132,70,118,14
Seq_4720,129,70,117,12
Seq_4721,148,84,137,11
Seq_4722,147,80,134,13
Seq_4723,150,82,137,13
Seq_4724,135,79,126,9
Seq_4725,123,69,113,10
Seq_4726,151,81,136,15
Seq_4727,130,70,119,11
Seq_4728,142,77,130,12
Seq_4729,138,76,127,11
Seq_4730,141,78,130,11
Seq_4731,133,71,122,11
Seq_4732,140,77,128,12
Seq_4733,140,76,127,13
Seq_4734,125,70,115,10
Seq_4735,123,72,115,8
Seq_4736,141,81,132,9
Seq_4737,145,83,135,10
Seq_4738,143,80,132,11
Seq_4739,123,72,115,8
Seq_4740,139,72,123,16
Seq_4741,148,84,137,11
Seq_4742,133,74,121,12
Seq_4743,96,56,88,8
Seq_4744,115,66,106,9
Seq_4745,135,76,125,10
Seq_4746,130,74,121,9
Seq_4747,141,79,130,11
Seq_4748,136,80,127,9
Seq_4749,132,74,121,11
Seq_4750,126,74,117,9
Seq_4751,143,82,133,10
Seq_4752,131,75,121,10
Seq_4753,142,79,130,12
Seq_4754,139,80,130,9
Seq_4755,150,86,140,10
Seq_4756,145,83,135,10
Seq_4757,149,84,138,11
Seq_4758,138,77,126,12
Seq_4759,142,79,131,11
Seq_4760,141,80,131,10
Seq_4761,129,76,121,8
Seq_4762,105,62,97,8
Seq_4763,127,72,118,9
Seq_4764,140,81,131,9
Seq_4765,150,81,136,14
Seq_4766,133,71,119,14
Seq_4767,146,80,132,14
Seq_4768,133,72,120,13
Seq_4769,141,75,127,14
Seq_4770,133,74,121,12
Seq_4771,157,84,142,15
Seq_4772,133,69,118,15
Seq_4773,142,72,125,17
Seq_4774,151,81,137,14
Seq_4775,138,73,125,13
Seq_4776,152,82,139,13
Seq_4777,146,76,129,17
Seq_4778,152,79,136,16
Seq_4779,151,83,137,14
Seq_4780,150,77,134,16
Seq_4781,127,63,110,17
Seq_4782,158,85,143,15
Seq_4783,141,76,127,14
Seq_4784,159,82,140,19
Seq_4785,165,90,150,15
Seq_4786,138,73,124,14
Seq_4787,167,86,147,20
Seq_4788,162,88,148,14
Seq_4789,145,72,127,18
Seq_4790,157,79,140,17
Seq_4791,149,74,132,17
Seq_4792,127,64,112,15
Seq_4793,124,66,111,13
Seq_4794,138,71,122,16
Seq_4795,139,73,125,14
Seq_4796,142,72,126,16
Seq_4797,138,74,123,15
Seq_4798,130,69,117,13
Seq_4799,149,83,136,13
Seq_4800,128,68,115,13
Seq_4801,157,82,141,16
Seq_4802,135,71,122,13
Seq_4803,144,77,130,14
Seq_4804,151,73,130,21
Seq_4805,140,71,123,17
Seq_4806,126,65,112,14
Seq_4807,155,82,139,16
Seq_4808,160,88,146,14
Seq_4809,154,82,139,15
Seq_4810,162,87,147,15
Seq_4811,144,77,130,14
Seq_4812,143,76,129,14
Seq_4813,162,82,143,19
Seq_4814,147,77,130,17
Seq_4815,136,69,120,16
Seq_4816,129,65,114,15
Seq_4817,156,85,143,13
Seq_4818,162,85,146,16
Seq_4819,143,76,129,14
Seq_4820,156,85,141,15
Seq_4821,141,78,128,13
Seq_4822,136,71,121,15
Seq_4823,127,68,114,13
Seq_4824,145,79,132,13
Seq_4825,156,83,139,17
Seq_4826,134,71,121,13
Seq_4827,147,75,130,17
Seq_4828,151,79,136,15
Seq_4829,152,79,137,15
Seq_4830,142,79,130,12
Seq_4831,153,78,135,18
Seq_4832,159,82,144,15
Seq_4833,108,57,96,12
Seq_4834,155,85,141,14
Seq_4835,149,82,136,13
Seq_4836,147,80,133,14
Seq_4837,127,67,115,12
Seq_4838,137,77,125,12
Seq_4839,120,62,107,13
Seq_4840,137,70,121,16
Seq_4841,134,75,122,12
Seq_4842,152,83,139,13
Seq_4843,155,85,141,14
Seq_4844,136,72,121,15
Seq_4845,132,71,119,13
Seq_4846,145,72,127,18
Seq_4847,126,64,111,15
